/*--------------------------------*- C++ -*----------------------------------*\
  =========                 |
  \\      /  F ield         | OpenFOAM: The Open Source CFD Toolbox
   \\    /   O peration     | Website:  https://openfoam.org
    \\  /    A nd           | Version:  7
     \\/     M anipulation  |
\*---------------------------------------------------------------------------*/
FoamFile
{
    version     2.0;
    format      ascii;
    class       volVectorField;
    location    "0.00023";
    object      U;
}
// * * * * * * * * * * * * * * * * * * * * * * * * * * * * * * * * * * * * * //

dimensions      [0 1 -1 0 0 0 0];

internalField   nonuniform List<vector> 
124
(
(15.7012 0 0)
(15.7091 0 0)
(15.7165 0 0)
(15.7236 0 0)
(15.7301 0 0)
(15.736 0 0)
(15.7413 0 0)
(15.7461 0 0)
(15.7504 0 0)
(15.7542 0 0)
(15.7575 0 0)
(15.7603 0 0)
(15.7626 0 0)
(15.7645 0 0)
(15.766 0 0)
(15.7671 0 0)
(15.7679 0 0)
(15.7684 0 0)
(15.7685 0 0)
(15.7685 0 0)
(15.7682 0 0)
(15.7677 0 0)
(15.7671 0 0)
(15.7664 0 0)
(15.7656 0 0)
(15.7647 0 0)
(15.7638 0 0)
(15.7629 0 0)
(15.762 0 0)
(15.7611 0 0)
(15.7603 0 0)
(15.7595 0 0)
(15.7589 0 0)
(15.7583 0 0)
(15.7578 0 0)
(15.7574 0 0)
(15.7572 0 0)
(15.757 0 0)
(15.7569 0 0)
(15.757 0 0)
(15.7571 0 0)
(15.7573 0 0)
(15.7576 0 0)
(15.758 0 0)
(15.7585 0 0)
(15.759 0 0)
(15.7596 0 0)
(15.7603 0 0)
(15.7609 0 0)
(15.7616 0 0)
(15.7623 0 0)
(15.7631 0 0)
(15.7638 0 0)
(15.7645 0 0)
(15.7652 0 0)
(15.7659 0 0)
(15.7666 0 0)
(15.7673 0 0)
(15.7679 0 0)
(15.7685 0 0)
(15.7691 0 0)
(15.7696 0 0)
(15.7701 0 0)
(15.7706 0 0)
(15.771 0 0)
(15.7714 0 0)
(15.7717 0 0)
(15.772 0 0)
(15.7722 0 0)
(15.7725 0 0)
(15.7726 0 0)
(15.7728 0 0)
(15.7729 0 0)
(15.773 0 0)
(15.773 0 0)
(15.773 0 0)
(15.773 0 0)
(15.7729 0 0)
(15.7729 0 0)
(15.7728 0 0)
(15.7727 0 0)
(15.7725 0 0)
(15.7724 0 0)
(15.7722 0 0)
(15.772 0 0)
(15.7718 0 0)
(15.7716 0 0)
(15.7713 0 0)
(15.7711 0 0)
(15.7708 0 0)
(15.7705 0 0)
(15.7703 0 0)
(15.77 0 0)
(15.7697 0 0)
(15.7694 0 0)
(15.7691 0 0)
(15.7688 0 0)
(15.7685 0 0)
(15.7681 0 0)
(15.7678 0 0)
(15.7675 0 0)
(15.7672 0 0)
(15.7668 0 0)
(15.7665 0 0)
(15.7661 0 0)
(15.7658 0 0)
(15.7655 0 0)
(15.7651 0 0)
(15.7648 0 0)
(15.7644 0 0)
(15.7641 0 0)
(15.7637 0 0)
(15.7634 0 0)
(15.763 0 0)
(15.7626 0 0)
(15.7623 0 0)
(15.7619 0 0)
(15.7616 0 0)
(15.7612 0 0)
(15.7608 0 0)
(15.7605 0 0)
(15.7601 0 0)
(15.7597 0 0)
(15.7592 0 0)
)
;

boundaryField
{
    boundary
    {
        type            empty;
    }
    inlet
    {
        type            fixedValue;
        value           nonuniform 0();
    }
    outlet
    {
        type            zeroGradient;
    }
    procBoundary0to1
    {
        type            processor;
        value           uniform (15.6925 0 0);
    }
}


// ************************************************************************* //
