/*--------------------------------*- C++ -*----------------------------------*\
  =========                 |
  \\      /  F ield         | OpenFOAM: The Open Source CFD Toolbox
   \\    /   O peration     | Website:  https://openfoam.org
    \\  /    A nd           | Version:  7
     \\/     M anipulation  |
\*---------------------------------------------------------------------------*/
FoamFile
{
    version     2.0;
    format      ascii;
    class       volVectorField;
    location    "0.00079";
    object      U;
}
// * * * * * * * * * * * * * * * * * * * * * * * * * * * * * * * * * * * * * //

dimensions      [0 1 -1 0 0 0 0];

internalField   nonuniform List<vector> 
124
(
(15.7848 0 0)
(15.7949 0 0)
(15.8049 0 0)
(15.8148 0 0)
(15.8246 0 0)
(15.8342 0 0)
(15.8437 0 0)
(15.8531 0 0)
(15.8623 0 0)
(15.8715 0 0)
(15.8805 0 0)
(15.8894 0 0)
(15.8981 0 0)
(15.9068 0 0)
(15.9154 0 0)
(15.9238 0 0)
(15.9322 0 0)
(15.9404 0 0)
(15.9486 0 0)
(15.9567 0 0)
(15.9646 0 0)
(15.9725 0 0)
(15.9803 0 0)
(15.9879 0 0)
(15.9955 0 0)
(16.003 0 0)
(16.0105 0 0)
(16.0178 0 0)
(16.0251 0 0)
(16.0322 0 0)
(16.0393 0 0)
(16.0463 0 0)
(16.0533 0 0)
(16.0601 0 0)
(16.0669 0 0)
(16.0736 0 0)
(16.0803 0 0)
(16.0869 0 0)
(16.0934 0 0)
(16.0998 0 0)
(16.1062 0 0)
(16.1125 0 0)
(16.1187 0 0)
(16.1249 0 0)
(16.131 0 0)
(16.137 0 0)
(16.143 0 0)
(16.149 0 0)
(16.1548 0 0)
(16.1606 0 0)
(16.1664 0 0)
(16.1721 0 0)
(16.1777 0 0)
(16.1833 0 0)
(16.1888 0 0)
(16.1943 0 0)
(16.1997 0 0)
(16.2051 0 0)
(16.2104 0 0)
(16.2157 0 0)
(16.2209 0 0)
(16.2261 0 0)
(16.2312 0 0)
(16.2363 0 0)
(16.2413 0 0)
(16.2463 0 0)
(16.2512 0 0)
(16.2561 0 0)
(16.261 0 0)
(16.2658 0 0)
(16.2706 0 0)
(16.2753 0 0)
(16.2799 0 0)
(16.2846 0 0)
(16.2892 0 0)
(16.2937 0 0)
(16.2982 0 0)
(16.3027 0 0)
(16.3072 0 0)
(16.3116 0 0)
(16.3159 0 0)
(16.3202 0 0)
(16.3245 0 0)
(16.3288 0 0)
(16.333 0 0)
(16.3372 0 0)
(16.3413 0 0)
(16.3454 0 0)
(16.3495 0 0)
(16.3536 0 0)
(16.3576 0 0)
(16.3615 0 0)
(16.3655 0 0)
(16.3694 0 0)
(16.3733 0 0)
(16.3771 0 0)
(16.381 0 0)
(16.3847 0 0)
(16.3885 0 0)
(16.3922 0 0)
(16.3959 0 0)
(16.3996 0 0)
(16.4032 0 0)
(16.4068 0 0)
(16.4104 0 0)
(16.4139 0 0)
(16.4175 0 0)
(16.421 0 0)
(16.4244 0 0)
(16.4278 0 0)
(16.4313 0 0)
(16.4346 0 0)
(16.438 0 0)
(16.4413 0 0)
(16.4446 0 0)
(16.4479 0 0)
(16.4516 0 0)
(16.4545 0 0)
(16.4572 0 0)
(16.4608 0 0)
(16.4641 0 0)
(16.467 0 0)
(16.4696 0 0)
(16.4715 0 0)
)
;

boundaryField
{
    boundary
    {
        type            empty;
    }
    inlet
    {
        type            fixedValue;
        value           nonuniform 0();
    }
    outlet
    {
        type            zeroGradient;
    }
    procBoundary0to1
    {
        type            processor;
        value           uniform (15.7745 0 0);
    }
}


// ************************************************************************* //
