/*--------------------------------*- C++ -*----------------------------------*\
  =========                 |
  \\      /  F ield         | OpenFOAM: The Open Source CFD Toolbox
   \\    /   O peration     | Website:  https://openfoam.org
    \\  /    A nd           | Version:  7
     \\/     M anipulation  |
\*---------------------------------------------------------------------------*/
FoamFile
{
    version     2.0;
    format      ascii;
    class       volVectorField;
    location    "0.0006";
    object      U;
}
// * * * * * * * * * * * * * * * * * * * * * * * * * * * * * * * * * * * * * //

dimensions      [0 1 -1 0 0 0 0];

internalField   nonuniform List<vector> 
125
(
(2.39779 0 0)
(2.39796 0 0)
(2.39813 0 0)
(2.39833 0 0)
(2.39851 0 0)
(2.3987 0 0)
(2.39888 0 0)
(2.39906 0 0)
(2.39925 0 0)
(2.39943 0 0)
(2.39961 0 0)
(2.39979 0 0)
(2.39997 0 0)
(2.40016 0 0)
(2.40034 0 0)
(2.40052 0 0)
(2.40071 0 0)
(2.40094 0 0)
(2.40126 0 0)
(2.40197 0 0)
(2.4038 0 0)
(2.40897 0 0)
(2.4233 0 0)
(2.46031 0 0)
(2.54923 0 0)
(2.75359 0 0)
(3.18988 0 0)
(4.02682 0 0)
(5.17994 0 0)
(6.41852 0 0)
(7.5748 0 0)
(8.59663 0 0)
(9.47261 0 0)
(10.2002 0 0)
(10.801 0 0)
(11.3008 0 0)
(11.706 0 0)
(12.0285 0 0)
(12.2937 0 0)
(12.5218 0 0)
(12.722 0 0)
(12.8995 0 0)
(13.0583 0 0)
(13.2014 0 0)
(13.3314 0 0)
(13.4505 0 0)
(13.5599 0 0)
(13.6612 0 0)
(13.7551 0 0)
(13.8427 0 0)
(13.9245 0 0)
(14.0013 0 0)
(14.0735 0 0)
(14.1416 0 0)
(14.2059 0 0)
(14.2668 0 0)
(14.3246 0 0)
(14.3795 0 0)
(14.4317 0 0)
(14.4814 0 0)
(14.5288 0 0)
(14.5728 0 0)
(14.6141 0 0)
(14.654 0 0)
(14.6926 0 0)
(14.7298 0 0)
(14.7658 0 0)
(14.8007 0 0)
(14.8345 0 0)
(14.8672 0 0)
(14.8989 0 0)
(14.9297 0 0)
(14.9596 0 0)
(14.9887 0 0)
(15.017 0 0)
(15.0445 0 0)
(15.0712 0 0)
(15.0973 0 0)
(15.1227 0 0)
(15.1474 0 0)
(15.1716 0 0)
(15.1951 0 0)
(15.2181 0 0)
(15.2406 0 0)
(15.2625 0 0)
(15.284 0 0)
(15.3049 0 0)
(15.3254 0 0)
(15.3455 0 0)
(15.3651 0 0)
(15.3843 0 0)
(15.4031 0 0)
(15.4216 0 0)
(15.4396 0 0)
(15.4574 0 0)
(15.4747 0 0)
(15.4918 0 0)
(15.5085 0 0)
(15.5249 0 0)
(15.541 0 0)
(15.5568 0 0)
(15.5723 0 0)
(15.5875 0 0)
(15.6025 0 0)
(15.6172 0 0)
(15.6317 0 0)
(15.6459 0 0)
(15.6599 0 0)
(15.6737 0 0)
(15.6872 0 0)
(15.7006 0 0)
(15.7137 0 0)
(15.7266 0 0)
(15.7393 0 0)
(15.7518 0 0)
(15.7641 0 0)
(15.7762 0 0)
(15.7882 0 0)
(15.8 0 0)
(15.8116 0 0)
(15.823 0 0)
(15.8343 0 0)
(15.8454 0 0)
(15.8563 0 0)
(15.8671 0 0)
)
;

boundaryField
{
    boundary
    {
        type            empty;
    }
    inlet
    {
        type            fixedValue;
        value           nonuniform 0();
    }
    outlet
    {
        type            zeroGradient;
    }
    procBoundary1to0
    {
        type            processor;
        value           uniform (15.8778 0 0);
    }
    procBoundary1to3
    {
        type            processor;
        value           uniform (2.3976 0 0);
    }
}


// ************************************************************************* //
