/*--------------------------------*- C++ -*----------------------------------*\
  =========                 |
  \\      /  F ield         | OpenFOAM: The Open Source CFD Toolbox
   \\    /   O peration     | Website:  https://openfoam.org
    \\  /    A nd           | Version:  7
     \\/     M anipulation  |
\*---------------------------------------------------------------------------*/
FoamFile
{
    version     2.0;
    format      ascii;
    class       volVectorField;
    location    "0.0006";
    object      U;
}
// * * * * * * * * * * * * * * * * * * * * * * * * * * * * * * * * * * * * * //

dimensions      [0 1 -1 0 0 0 0];

internalField   nonuniform List<vector> 
126
(
(2.37382 0 0)
(2.37399 0 0)
(2.37418 0 0)
(2.37438 0 0)
(2.37458 0 0)
(2.37477 0 0)
(2.37497 0 0)
(2.37516 0 0)
(2.37535 0 0)
(2.37555 0 0)
(2.37574 0 0)
(2.37594 0 0)
(2.37613 0 0)
(2.37632 0 0)
(2.37652 0 0)
(2.37671 0 0)
(2.37691 0 0)
(2.3771 0 0)
(2.37729 0 0)
(2.37749 0 0)
(2.37768 0 0)
(2.37787 0 0)
(2.37807 0 0)
(2.37826 0 0)
(2.37845 0 0)
(2.37865 0 0)
(2.37884 0 0)
(2.37904 0 0)
(2.37923 0 0)
(2.37942 0 0)
(2.37962 0 0)
(2.37981 0 0)
(2.38 0 0)
(2.38019 0 0)
(2.38039 0 0)
(2.38058 0 0)
(2.38077 0 0)
(2.38097 0 0)
(2.38116 0 0)
(2.38135 0 0)
(2.38154 0 0)
(2.38174 0 0)
(2.38193 0 0)
(2.38212 0 0)
(2.38231 0 0)
(2.38251 0 0)
(2.3827 0 0)
(2.38289 0 0)
(2.38308 0 0)
(2.38327 0 0)
(2.38347 0 0)
(2.38366 0 0)
(2.38385 0 0)
(2.38404 0 0)
(2.38423 0 0)
(2.38442 0 0)
(2.38461 0 0)
(2.38481 0 0)
(2.385 0 0)
(2.38519 0 0)
(2.38538 0 0)
(2.38557 0 0)
(2.38576 0 0)
(2.38595 0 0)
(2.38614 0 0)
(2.38633 0 0)
(2.38652 0 0)
(2.38671 0 0)
(2.3869 0 0)
(2.38709 0 0)
(2.38728 0 0)
(2.38747 0 0)
(2.38766 0 0)
(2.38785 0 0)
(2.38804 0 0)
(2.38823 0 0)
(2.38842 0 0)
(2.38861 0 0)
(2.3888 0 0)
(2.38899 0 0)
(2.38918 0 0)
(2.38937 0 0)
(2.38956 0 0)
(2.38975 0 0)
(2.38994 0 0)
(2.39012 0 0)
(2.39031 0 0)
(2.3905 0 0)
(2.39069 0 0)
(2.39088 0 0)
(2.39107 0 0)
(2.39125 0 0)
(2.39144 0 0)
(2.39163 0 0)
(2.39182 0 0)
(2.392 0 0)
(2.39219 0 0)
(2.39238 0 0)
(2.39257 0 0)
(2.39275 0 0)
(2.39294 0 0)
(2.39313 0 0)
(2.39331 0 0)
(2.3935 0 0)
(2.39369 0 0)
(2.39387 0 0)
(2.39406 0 0)
(2.39425 0 0)
(2.39443 0 0)
(2.39462 0 0)
(2.39481 0 0)
(2.39499 0 0)
(2.39518 0 0)
(2.39536 0 0)
(2.39555 0 0)
(2.39573 0 0)
(2.39592 0 0)
(2.39611 0 0)
(2.39629 0 0)
(2.39648 0 0)
(2.39666 0 0)
(2.39685 0 0)
(2.39703 0 0)
(2.39722 0 0)
(2.3974 0 0)
(2.3976 0 0)
)
;

boundaryField
{
    boundary
    {
        type            empty;
    }
    inlet
    {
        type            fixedValue;
        value           nonuniform 0();
    }
    outlet
    {
        type            zeroGradient;
    }
    procBoundary3to1
    {
        type            processor;
        value           uniform (2.39779 0 0);
    }
    procBoundary3to2
    {
        type            processor;
        value           uniform (2.37361 0 0);
    }
}


// ************************************************************************* //
