/*--------------------------------*- C++ -*----------------------------------*\
  =========                 |
  \\      /  F ield         | OpenFOAM: The Open Source CFD Toolbox
   \\    /   O peration     | Website:  https://openfoam.org
    \\  /    A nd           | Version:  7
     \\/     M anipulation  |
\*---------------------------------------------------------------------------*/
FoamFile
{
    version     2.0;
    format      ascii;
    class       volVectorField;
    location    "0.00085";
    object      U;
}
// * * * * * * * * * * * * * * * * * * * * * * * * * * * * * * * * * * * * * //

dimensions      [0 1 -1 0 0 0 0];

internalField   nonuniform List<vector> 
124
(
(15.7937 0 0)
(15.8038 0 0)
(15.8138 0 0)
(15.8237 0 0)
(15.8334 0 0)
(15.843 0 0)
(15.8524 0 0)
(15.8618 0 0)
(15.871 0 0)
(15.8801 0 0)
(15.8891 0 0)
(15.898 0 0)
(15.9067 0 0)
(15.9154 0 0)
(15.9239 0 0)
(15.9324 0 0)
(15.9407 0 0)
(15.9489 0 0)
(15.9571 0 0)
(15.9651 0 0)
(15.9731 0 0)
(15.9809 0 0)
(15.9887 0 0)
(15.9963 0 0)
(16.0039 0 0)
(16.0114 0 0)
(16.0188 0 0)
(16.0261 0 0)
(16.0334 0 0)
(16.0406 0 0)
(16.0476 0 0)
(16.0546 0 0)
(16.0616 0 0)
(16.0684 0 0)
(16.0752 0 0)
(16.0819 0 0)
(16.0885 0 0)
(16.0951 0 0)
(16.1016 0 0)
(16.108 0 0)
(16.1144 0 0)
(16.1207 0 0)
(16.1269 0 0)
(16.1331 0 0)
(16.1392 0 0)
(16.1452 0 0)
(16.1512 0 0)
(16.1571 0 0)
(16.163 0 0)
(16.1688 0 0)
(16.1745 0 0)
(16.1802 0 0)
(16.1859 0 0)
(16.1914 0 0)
(16.197 0 0)
(16.2024 0 0)
(16.2078 0 0)
(16.2132 0 0)
(16.2185 0 0)
(16.2238 0 0)
(16.229 0 0)
(16.2342 0 0)
(16.2393 0 0)
(16.2444 0 0)
(16.2494 0 0)
(16.2544 0 0)
(16.2593 0 0)
(16.2642 0 0)
(16.269 0 0)
(16.2738 0 0)
(16.2786 0 0)
(16.2833 0 0)
(16.288 0 0)
(16.2926 0 0)
(16.2972 0 0)
(16.3017 0 0)
(16.3062 0 0)
(16.3107 0 0)
(16.3151 0 0)
(16.3195 0 0)
(16.3239 0 0)
(16.3282 0 0)
(16.3325 0 0)
(16.3367 0 0)
(16.3409 0 0)
(16.3451 0 0)
(16.3492 0 0)
(16.3533 0 0)
(16.3574 0 0)
(16.3614 0 0)
(16.3654 0 0)
(16.3694 0 0)
(16.3733 0 0)
(16.3772 0 0)
(16.3811 0 0)
(16.3849 0 0)
(16.3887 0 0)
(16.3925 0 0)
(16.3963 0 0)
(16.4 0 0)
(16.4037 0 0)
(16.4073 0 0)
(16.411 0 0)
(16.4146 0 0)
(16.4181 0 0)
(16.4217 0 0)
(16.4252 0 0)
(16.4287 0 0)
(16.4321 0 0)
(16.4356 0 0)
(16.439 0 0)
(16.4424 0 0)
(16.4457 0 0)
(16.4491 0 0)
(16.4524 0 0)
(16.4557 0 0)
(16.459 0 0)
(16.4623 0 0)
(16.4656 0 0)
(16.4689 0 0)
(16.472 0 0)
(16.4751 0 0)
(16.4777 0 0)
(16.4795 0 0)
)
;

boundaryField
{
    boundary
    {
        type            empty;
    }
    inlet
    {
        type            fixedValue;
        value           nonuniform 0();
    }
    outlet
    {
        type            zeroGradient;
    }
    procBoundary0to1
    {
        type            processor;
        value           uniform (15.7835 0 0);
    }
}


// ************************************************************************* //
