/*--------------------------------*- C++ -*----------------------------------*\
  =========                 |
  \\      /  F ield         | OpenFOAM: The Open Source CFD Toolbox
   \\    /   O peration     | Website:  https://openfoam.org
    \\  /    A nd           | Version:  7
     \\/     M anipulation  |
\*---------------------------------------------------------------------------*/
FoamFile
{
    version     2.0;
    format      ascii;
    class       volVectorField;
    location    "0.00013";
    object      U;
}
// * * * * * * * * * * * * * * * * * * * * * * * * * * * * * * * * * * * * * //

dimensions      [0 1 -1 0 0 0 0];

internalField   nonuniform List<vector> 
125
(
(2.34888 0 0)
(2.34845 0 0)
(2.34786 0 0)
(2.34748 0 0)
(2.3471 0 0)
(2.34667 0 0)
(2.34622 0 0)
(2.3457 0 0)
(2.34509 0 0)
(2.34441 0 0)
(2.34371 0 0)
(2.343 0 0)
(2.34229 0 0)
(2.3416 0 0)
(2.34094 0 0)
(2.3403 0 0)
(2.33968 0 0)
(2.33908 0 0)
(2.33849 0 0)
(2.33791 0 0)
(2.33734 0 0)
(2.33676 0 0)
(2.33619 0 0)
(2.33562 0 0)
(2.33505 0 0)
(2.33447 0 0)
(2.3339 0 0)
(2.33332 0 0)
(2.33274 0 0)
(2.33215 0 0)
(2.33156 0 0)
(2.33097 0 0)
(2.33038 0 0)
(2.32978 0 0)
(2.32919 0 0)
(2.32858 0 0)
(2.32798 0 0)
(2.32737 0 0)
(2.32676 0 0)
(2.32614 0 0)
(2.32552 0 0)
(2.3249 0 0)
(2.32427 0 0)
(2.32364 0 0)
(2.32301 0 0)
(2.32237 0 0)
(2.32173 0 0)
(2.32108 0 0)
(2.32043 0 0)
(2.31978 0 0)
(2.31912 0 0)
(2.31846 0 0)
(2.3178 0 0)
(2.31713 0 0)
(2.31645 0 0)
(2.31577 0 0)
(2.31509 0 0)
(2.3144 0 0)
(2.31371 0 0)
(2.31301 0 0)
(2.31231 0 0)
(2.31161 0 0)
(2.3109 0 0)
(2.31018 0 0)
(2.30946 0 0)
(2.30874 0 0)
(2.30801 0 0)
(2.30728 0 0)
(2.30654 0 0)
(2.3058 0 0)
(2.30505 0 0)
(2.3043 0 0)
(2.30354 0 0)
(2.30278 0 0)
(2.30202 0 0)
(2.30124 0 0)
(2.30047 0 0)
(2.29969 0 0)
(2.2989 0 0)
(2.29811 0 0)
(2.29732 0 0)
(2.29652 0 0)
(2.29572 0 0)
(2.29491 0 0)
(2.29409 0 0)
(2.29328 0 0)
(2.29245 0 0)
(2.29163 0 0)
(2.29079 0 0)
(2.28996 0 0)
(2.28912 0 0)
(2.28827 0 0)
(2.28742 0 0)
(2.28657 0 0)
(2.28571 0 0)
(2.28485 0 0)
(2.28398 0 0)
(2.28311 0 0)
(2.28223 0 0)
(2.28135 0 0)
(2.28046 0 0)
(2.27957 0 0)
(2.27868 0 0)
(2.27778 0 0)
(2.27688 0 0)
(2.27598 0 0)
(2.27507 0 0)
(2.27415 0 0)
(2.27324 0 0)
(2.27231 0 0)
(2.27139 0 0)
(2.27046 0 0)
(2.26953 0 0)
(2.26859 0 0)
(2.26765 0 0)
(2.26671 0 0)
(2.26576 0 0)
(2.26481 0 0)
(2.26386 0 0)
(2.2629 0 0)
(2.26194 0 0)
(2.26098 0 0)
(2.26002 0 0)
(2.25905 0 0)
(2.25806 0 0)
)
;

boundaryField
{
    boundary
    {
        type            empty;
    }
    inlet
    {
        type            fixedValue;
        value           uniform (2.34893 0 0);
    }
    outlet
    {
        type            zeroGradient;
    }
    procBoundary2to3
    {
        type            processor;
        value           uniform (2.25708 0 0);
    }
}


// ************************************************************************* //
