/*--------------------------------*- C++ -*----------------------------------*\
  =========                 |
  \\      /  F ield         | OpenFOAM: The Open Source CFD Toolbox
   \\    /   O peration     | Website:  https://openfoam.org
    \\  /    A nd           | Version:  7
     \\/     M anipulation  |
\*---------------------------------------------------------------------------*/
FoamFile
{
    version     2.0;
    format      ascii;
    class       volVectorField;
    location    "0.00029";
    object      U;
}
// * * * * * * * * * * * * * * * * * * * * * * * * * * * * * * * * * * * * * //

dimensions      [0 1 -1 0 0 0 0];

internalField   nonuniform List<vector> 
125
(
(2.34891 0 0)
(2.34882 0 0)
(2.34872 0 0)
(2.34863 0 0)
(2.34855 0 0)
(2.34848 0 0)
(2.34841 0 0)
(2.34835 0 0)
(2.3483 0 0)
(2.34825 0 0)
(2.34822 0 0)
(2.34818 0 0)
(2.34815 0 0)
(2.34811 0 0)
(2.34806 0 0)
(2.34801 0 0)
(2.34795 0 0)
(2.34786 0 0)
(2.34777 0 0)
(2.34765 0 0)
(2.34753 0 0)
(2.34738 0 0)
(2.34723 0 0)
(2.34707 0 0)
(2.3469 0 0)
(2.34673 0 0)
(2.34657 0 0)
(2.3464 0 0)
(2.34625 0 0)
(2.34609 0 0)
(2.34595 0 0)
(2.34581 0 0)
(2.34568 0 0)
(2.34556 0 0)
(2.34544 0 0)
(2.34532 0 0)
(2.34521 0 0)
(2.3451 0 0)
(2.34499 0 0)
(2.34488 0 0)
(2.34478 0 0)
(2.34468 0 0)
(2.34457 0 0)
(2.34447 0 0)
(2.34437 0 0)
(2.34427 0 0)
(2.34416 0 0)
(2.34406 0 0)
(2.34396 0 0)
(2.34386 0 0)
(2.34375 0 0)
(2.34365 0 0)
(2.34355 0 0)
(2.34345 0 0)
(2.34335 0 0)
(2.34325 0 0)
(2.34314 0 0)
(2.34304 0 0)
(2.34294 0 0)
(2.34284 0 0)
(2.34274 0 0)
(2.34263 0 0)
(2.34253 0 0)
(2.34243 0 0)
(2.34233 0 0)
(2.34223 0 0)
(2.34212 0 0)
(2.34202 0 0)
(2.34192 0 0)
(2.34182 0 0)
(2.34172 0 0)
(2.34161 0 0)
(2.34151 0 0)
(2.34141 0 0)
(2.34131 0 0)
(2.34121 0 0)
(2.3411 0 0)
(2.341 0 0)
(2.3409 0 0)
(2.3408 0 0)
(2.3407 0 0)
(2.34059 0 0)
(2.34049 0 0)
(2.34039 0 0)
(2.34029 0 0)
(2.34019 0 0)
(2.34008 0 0)
(2.33998 0 0)
(2.33988 0 0)
(2.33978 0 0)
(2.33967 0 0)
(2.33957 0 0)
(2.33947 0 0)
(2.33937 0 0)
(2.33927 0 0)
(2.33917 0 0)
(2.33906 0 0)
(2.33896 0 0)
(2.33886 0 0)
(2.33876 0 0)
(2.33866 0 0)
(2.33855 0 0)
(2.33845 0 0)
(2.33835 0 0)
(2.33825 0 0)
(2.33815 0 0)
(2.33804 0 0)
(2.33794 0 0)
(2.33784 0 0)
(2.33774 0 0)
(2.33764 0 0)
(2.33753 0 0)
(2.33743 0 0)
(2.33733 0 0)
(2.33723 0 0)
(2.33713 0 0)
(2.33702 0 0)
(2.33692 0 0)
(2.33682 0 0)
(2.33672 0 0)
(2.33662 0 0)
(2.33652 0 0)
(2.33641 0 0)
(2.33631 0 0)
(2.33621 0 0)
)
;

boundaryField
{
    boundary
    {
        type            empty;
    }
    inlet
    {
        type            fixedValue;
        value           uniform (2.34893 0 0);
    }
    outlet
    {
        type            zeroGradient;
    }
    procBoundary2to3
    {
        type            processor;
        value           uniform (2.33611 0 0);
    }
}


// ************************************************************************* //
