/*--------------------------------*- C++ -*----------------------------------*\
  =========                 |
  \\      /  F ield         | OpenFOAM: The Open Source CFD Toolbox
   \\    /   O peration     | Website:  https://openfoam.org
    \\  /    A nd           | Version:  7
     \\/     M anipulation  |
\*---------------------------------------------------------------------------*/
FoamFile
{
    version     2.0;
    format      ascii;
    class       volVectorField;
    location    "0.00051";
    object      U;
}
// * * * * * * * * * * * * * * * * * * * * * * * * * * * * * * * * * * * * * //

dimensions      [0 1 -1 0 0 0 0];

internalField   nonuniform List<vector> 
126
(
(2.34566 0 0)
(2.34564 0 0)
(2.34562 0 0)
(2.34559 0 0)
(2.34557 0 0)
(2.34554 0 0)
(2.34552 0 0)
(2.3455 0 0)
(2.34548 0 0)
(2.34545 0 0)
(2.34543 0 0)
(2.34541 0 0)
(2.34538 0 0)
(2.34536 0 0)
(2.34534 0 0)
(2.34532 0 0)
(2.34529 0 0)
(2.34527 0 0)
(2.34525 0 0)
(2.34523 0 0)
(2.3452 0 0)
(2.34518 0 0)
(2.34516 0 0)
(2.34514 0 0)
(2.34511 0 0)
(2.34509 0 0)
(2.34507 0 0)
(2.34505 0 0)
(2.34503 0 0)
(2.34501 0 0)
(2.34498 0 0)
(2.34496 0 0)
(2.34494 0 0)
(2.34492 0 0)
(2.3449 0 0)
(2.34488 0 0)
(2.34486 0 0)
(2.34483 0 0)
(2.34481 0 0)
(2.34479 0 0)
(2.34477 0 0)
(2.34475 0 0)
(2.34473 0 0)
(2.34471 0 0)
(2.34469 0 0)
(2.34467 0 0)
(2.34465 0 0)
(2.34463 0 0)
(2.34461 0 0)
(2.34459 0 0)
(2.34457 0 0)
(2.34455 0 0)
(2.34453 0 0)
(2.34451 0 0)
(2.34449 0 0)
(2.34447 0 0)
(2.34445 0 0)
(2.34443 0 0)
(2.34441 0 0)
(2.34439 0 0)
(2.34437 0 0)
(2.34435 0 0)
(2.34433 0 0)
(2.34431 0 0)
(2.34429 0 0)
(2.34427 0 0)
(2.34426 0 0)
(2.34424 0 0)
(2.34422 0 0)
(2.3442 0 0)
(2.34418 0 0)
(2.34416 0 0)
(2.34415 0 0)
(2.34413 0 0)
(2.34411 0 0)
(2.34409 0 0)
(2.34407 0 0)
(2.34406 0 0)
(2.34404 0 0)
(2.34402 0 0)
(2.344 0 0)
(2.34398 0 0)
(2.34397 0 0)
(2.34395 0 0)
(2.34393 0 0)
(2.34392 0 0)
(2.3439 0 0)
(2.34388 0 0)
(2.34387 0 0)
(2.34385 0 0)
(2.34383 0 0)
(2.34382 0 0)
(2.3438 0 0)
(2.34378 0 0)
(2.34377 0 0)
(2.34375 0 0)
(2.34373 0 0)
(2.34372 0 0)
(2.3437 0 0)
(2.34369 0 0)
(2.34367 0 0)
(2.34365 0 0)
(2.34364 0 0)
(2.34362 0 0)
(2.34361 0 0)
(2.34359 0 0)
(2.34358 0 0)
(2.34356 0 0)
(2.34355 0 0)
(2.34353 0 0)
(2.34352 0 0)
(2.3435 0 0)
(2.34349 0 0)
(2.34347 0 0)
(2.34346 0 0)
(2.34345 0 0)
(2.34343 0 0)
(2.34342 0 0)
(2.3434 0 0)
(2.34339 0 0)
(2.34338 0 0)
(2.34336 0 0)
(2.34335 0 0)
(2.34333 0 0)
(2.34332 0 0)
(2.3433 0 0)
)
;

boundaryField
{
    boundary
    {
        type            empty;
    }
    inlet
    {
        type            fixedValue;
        value           nonuniform 0();
    }
    outlet
    {
        type            zeroGradient;
    }
    procBoundary3to1
    {
        type            processor;
        value           uniform (2.34329 0 0);
    }
    procBoundary3to2
    {
        type            processor;
        value           uniform (2.34568 0 0);
    }
}


// ************************************************************************* //
