/*--------------------------------*- C++ -*----------------------------------*\
  =========                 |
  \\      /  F ield         | OpenFOAM: The Open Source CFD Toolbox
   \\    /   O peration     | Website:  https://openfoam.org
    \\  /    A nd           | Version:  7
     \\/     M anipulation  |
\*---------------------------------------------------------------------------*/
FoamFile
{
    version     2.0;
    format      ascii;
    class       volVectorField;
    location    "0.00059";
    object      U;
}
// * * * * * * * * * * * * * * * * * * * * * * * * * * * * * * * * * * * * * //

dimensions      [0 1 -1 0 0 0 0];

internalField   nonuniform List<vector> 
125
(
(2.39832 0 0)
(2.39848 0 0)
(2.39866 0 0)
(2.39886 0 0)
(2.39905 0 0)
(2.39923 0 0)
(2.39942 0 0)
(2.3996 0 0)
(2.39979 0 0)
(2.39997 0 0)
(2.40016 0 0)
(2.40034 0 0)
(2.40052 0 0)
(2.40071 0 0)
(2.40089 0 0)
(2.40107 0 0)
(2.40127 0 0)
(2.40149 0 0)
(2.40181 0 0)
(2.4025 0 0)
(2.40428 0 0)
(2.40931 0 0)
(2.42327 0 0)
(2.45944 0 0)
(2.54652 0 0)
(2.74691 0 0)
(3.175 0 0)
(4.00212 0 0)
(5.15025 0 0)
(6.38954 0 0)
(7.54894 0 0)
(8.57424 0 0)
(9.45373 0 0)
(10.1849 0 0)
(10.7889 0 0)
(11.2913 0 0)
(11.6985 0 0)
(12.0223 0 0)
(12.2886 0 0)
(12.5174 0 0)
(12.7183 0 0)
(12.8963 0 0)
(13.0554 0 0)
(13.1989 0 0)
(13.3292 0 0)
(13.4485 0 0)
(13.5581 0 0)
(13.6595 0 0)
(13.7536 0 0)
(13.8413 0 0)
(13.9233 0 0)
(14.0002 0 0)
(14.0725 0 0)
(14.1406 0 0)
(14.205 0 0)
(14.266 0 0)
(14.3239 0 0)
(14.3788 0 0)
(14.4311 0 0)
(14.4809 0 0)
(14.5283 0 0)
(14.5723 0 0)
(14.6136 0 0)
(14.6535 0 0)
(14.6922 0 0)
(14.7294 0 0)
(14.7655 0 0)
(14.8004 0 0)
(14.8342 0 0)
(14.8669 0 0)
(14.8987 0 0)
(14.9295 0 0)
(14.9594 0 0)
(14.9885 0 0)
(15.0168 0 0)
(15.0443 0 0)
(15.0711 0 0)
(15.0971 0 0)
(15.1225 0 0)
(15.1473 0 0)
(15.1715 0 0)
(15.195 0 0)
(15.218 0 0)
(15.2405 0 0)
(15.2625 0 0)
(15.2839 0 0)
(15.3049 0 0)
(15.3254 0 0)
(15.3454 0 0)
(15.3651 0 0)
(15.3843 0 0)
(15.4031 0 0)
(15.4216 0 0)
(15.4397 0 0)
(15.4574 0 0)
(15.4748 0 0)
(15.4918 0 0)
(15.5085 0 0)
(15.5249 0 0)
(15.5411 0 0)
(15.5569 0 0)
(15.5724 0 0)
(15.5877 0 0)
(15.6027 0 0)
(15.6174 0 0)
(15.6319 0 0)
(15.6461 0 0)
(15.6601 0 0)
(15.6739 0 0)
(15.6874 0 0)
(15.7008 0 0)
(15.7139 0 0)
(15.7268 0 0)
(15.7395 0 0)
(15.752 0 0)
(15.7644 0 0)
(15.7765 0 0)
(15.7885 0 0)
(15.8003 0 0)
(15.8119 0 0)
(15.8233 0 0)
(15.8346 0 0)
(15.8457 0 0)
(15.8567 0 0)
(15.8674 0 0)
)
;

boundaryField
{
    boundary
    {
        type            empty;
    }
    inlet
    {
        type            fixedValue;
        value           nonuniform 0();
    }
    outlet
    {
        type            zeroGradient;
    }
    procBoundary1to0
    {
        type            processor;
        value           uniform (15.878 0 0);
    }
    procBoundary1to3
    {
        type            processor;
        value           uniform (2.39813 0 0);
    }
}


// ************************************************************************* //
