/*--------------------------------*- C++ -*----------------------------------*\
  =========                 |
  \\      /  F ield         | OpenFOAM: The Open Source CFD Toolbox
   \\    /   O peration     | Website:  https://openfoam.org
    \\  /    A nd           | Version:  7
     \\/     M anipulation  |
\*---------------------------------------------------------------------------*/
FoamFile
{
    version     2.0;
    format      ascii;
    class       vectorField;
    location    "constant/polyMesh";
    object      points;
}
// * * * * * * * * * * * * * * * * * * * * * * * * * * * * * * * * * * * * * //


2004
(
(0 0 0.001847180963)
(3.256248492e-05 0 0.001847180963)
(6.512496985e-05 0 0.001847180963)
(9.768745477e-05 0 0.001847180963)
(0.0001302499397 0 0.001847180963)
(0.0001628124246 0 0.001847180963)
(0.0001953749095 0 0.001847180963)
(0.0002279373945 0 0.001847180963)
(0.0002604998794 0 0.001847180963)
(0.0002930623643 0 0.001847180963)
(0.0003256248492 0 0.001847180963)
(0.0003581873342 0 0.001847180963)
(0.0003907498191 0 0.001847180963)
(0.000423312304 0 0.001847180963)
(0.0004558747889 0 0.001847180963)
(0.0004884372739 0 0.001847180963)
(0.0005209997588 0 0.001847180963)
(0.0005535622437 0 0.001847180963)
(0.0005861247286 0 0.001847180963)
(0.0006186872136 0 0.001847180963)
(0.0006512496985 0 0.001847180963)
(0.0006838121834 0 0.001847180963)
(0.0007163746683 0 0.001847180963)
(0.0007489371533 0 0.001847180963)
(0.0007814996382 0 0.001847180963)
(0.0008140621231 0 0.001847180963)
(0.000846624608 0 0.001847180963)
(0.000879187093 0 0.001847180963)
(0.0009117495779 0 0.001847180963)
(0.0009443120628 0 0.001847180963)
(0.0009768745477 0 0.001847180963)
(0.001009437033 0 0.001847180963)
(0.001041999518 0 0.001847180963)
(0.001074562003 0 0.001847180963)
(0.001107124487 0 0.001847180963)
(0.001139686972 0 0.001847180963)
(0.001172249457 0 0.001847180963)
(0.001204811942 0 0.001847180963)
(0.001237374427 0 0.001847180963)
(0.001269936912 0 0.001847180963)
(0.001302499397 0 0.001847180963)
(0.001335061882 0 0.001847180963)
(0.001367624367 0 0.001847180963)
(0.001400186852 0 0.001847180963)
(0.001432749337 0 0.001847180963)
(0.001465311822 0 0.001847180963)
(0.001497874307 0 0.001847180963)
(0.001530436791 0 0.001847180963)
(0.001562999276 0 0.001847180963)
(0.001595561761 0 0.001847180963)
(0.001628124246 0 0.001847180963)
(0.001660686731 0 0.001847180963)
(0.001693249216 0 0.001847180963)
(0.001725811701 0 0.001847180963)
(0.001758374186 0 0.001847180963)
(0.001790936671 0 0.001847180963)
(0.001823499156 0 0.001847180963)
(0.001856061641 0 0.001847180963)
(0.001888624126 0 0.001847180963)
(0.001921186611 0 0.001847180963)
(0.001953749095 0 0.001847180963)
(0.00198631158 0 0.001847180963)
(0.002018874065 0 0.001847180963)
(0.00205143655 0 0.001847180963)
(0.002083999035 0 0.001847180963)
(0.00211656152 0 0.001847180963)
(0.002149124005 0 0.001847180963)
(0.00218168649 0 0.001847180963)
(0.002214248975 0 0.001847180963)
(0.00224681146 0 0.001847180963)
(0.002279373945 0 0.001847180963)
(0.00231193643 0 0.001847180963)
(0.002344498915 0 0.001847180963)
(0.0023770614 0 0.001847180963)
(0.002409623884 0 0.001847180963)
(0.002442186369 0 0.001847180963)
(0.002474748854 0 0.001847180963)
(0.002507311339 0 0.001847180963)
(0.002539873824 0 0.001847180963)
(0.002572436309 0 0.001847180963)
(0.002604998794 0 0.001847180963)
(0.002637561279 0 0.001847180963)
(0.002670123764 0 0.001847180963)
(0.002702686249 0 0.001847180963)
(0.002735248734 0 0.001847180963)
(0.002767811219 0 0.001847180963)
(0.002800373704 0 0.001847180963)
(0.002832936188 0 0.001847180963)
(0.002865498673 0 0.001847180963)
(0.002898061158 0 0.001847180963)
(0.002930623643 0 0.001847180963)
(0.002963186128 0 0.001847180963)
(0.002995748613 0 0.001847180963)
(0.003028311098 0 0.001847180963)
(0.003060873583 0 0.001847180963)
(0.003093436068 0 0.001847180963)
(0.003125998553 0 0.001847180963)
(0.003158561038 0 0.001847180963)
(0.003191123523 0 0.001847180963)
(0.003223686008 0 0.001847180963)
(0.003256248492 0 0.001847180963)
(0.003288810977 0 0.001847180963)
(0.003321373462 0 0.001847180963)
(0.003353935947 0 0.001847180963)
(0.003386498432 0 0.001847180963)
(0.003419060917 0 0.001847180963)
(0.003451623402 0 0.001847180963)
(0.003484185887 0 0.001847180963)
(0.003516748372 0 0.001847180963)
(0.003549310857 0 0.001847180963)
(0.003581873342 0 0.001847180963)
(0.003614435827 0 0.001847180963)
(0.003646998312 0 0.001847180963)
(0.003679560797 0 0.001847180963)
(0.003712123281 0 0.001847180963)
(0.003744685766 0 0.001847180963)
(0.003777248251 0 0.001847180963)
(0.003809810736 0 0.001847180963)
(0.003842373221 0 0.001847180963)
(0.003874935706 0 0.001847180963)
(0.003907498191 0 0.001847180963)
(0.003940060676 0 0.001847180963)
(0.003972623161 0 0.001847180963)
(0.004005185646 0 0.001847180963)
(0.004037748131 0 0.001847180963)
(0.004070310616 0 0.001847180963)
(0.004102873101 0 0.001847180963)
(0.004135435585 0 0.001847180963)
(0.00416799807 0 0.001847180963)
(0.004200560555 0 0.001847180963)
(0.00423312304 0 0.001847180963)
(0.004265685525 0 0.001847180963)
(0.00429824801 0 0.001847180963)
(0.004330810495 0 0.001847180963)
(0.00436337298 0 0.001847180963)
(0.004395935465 0 0.001847180963)
(0.00442849795 0 0.001847180963)
(0.004461060435 0 0.001847180963)
(0.00449362292 0 0.001847180963)
(0.004526185405 0 0.001847180963)
(0.004558747889 0 0.001847180963)
(0.004591310374 0 0.001847180963)
(0.004623872859 0 0.001847180963)
(0.004656435344 0 0.001847180963)
(0.004688997829 0 0.001847180963)
(0.004721560314 0 0.001847180963)
(0.004754122799 0 0.001847180963)
(0.004786685284 0 0.001847180963)
(0.004819247769 0 0.001847180963)
(0.004851810254 0 0.001847180963)
(0.004884372739 0 0.001847180963)
(0.004916935224 0 0.001847180963)
(0.004949497709 0 0.001847180963)
(0.004982060193 0 0.001847180963)
(0.005014622678 0 0.001847180963)
(0.005047185163 0 0.001847180963)
(0.005079747648 0 0.001847180963)
(0.005112310133 0 0.001847180963)
(0.005144872618 0 0.001847180963)
(0.005177435103 0 0.001847180963)
(0.005209997588 0 0.001847180963)
(0.005242560073 0 0.001847180963)
(0.005275122558 0 0.001847180963)
(0.005307685043 0 0.001847180963)
(0.005340247528 0 0.001847180963)
(0.005372810013 0 0.001847180963)
(0.005405372498 0 0.001847180963)
(0.005437934982 0 0.001847180963)
(0.005470497467 0 0.001847180963)
(0.005503059952 0 0.001847180963)
(0.005535622437 0 0.001847180963)
(0.005568184922 0 0.001847180963)
(0.005600747407 0 0.001847180963)
(0.005633309892 0 0.001847180963)
(0.005665872377 0 0.001847180963)
(0.005698434862 0 0.001847180963)
(0.005730997347 0 0.001847180963)
(0.005763559832 0 0.001847180963)
(0.005796122317 0 0.001847180963)
(0.005828684802 0 0.001847180963)
(0.005861247286 0 0.001847180963)
(0.005893809771 0 0.001847180963)
(0.005926372256 0 0.001847180963)
(0.005958934741 0 0.001847180963)
(0.005991497226 0 0.001847180963)
(0.006024059711 0 0.001847180963)
(0.006056622196 0 0.001847180963)
(0.006089184681 0 0.001847180963)
(0.006121747166 0 0.001847180963)
(0.006154309651 0 0.001847180963)
(0.006186872136 0 0.001847180963)
(0.006219434621 0 0.001847180963)
(0.006251997106 0 0.001847180963)
(0.00628455959 0 0.001847180963)
(0.006317122075 0 0.001847180963)
(0.00634968456 0 0.001847180963)
(0.006382247045 0 0.001847180963)
(0.00641480953 0 0.001847180963)
(0.006447372015 0 0.001847180963)
(0.0064799345 0 0.001847180963)
(0.006512496985 0 0.001847180963)
(0.00654505947 0 0.001847180963)
(0.006577621955 0 0.001847180963)
(0.00661018444 0 0.001847180963)
(0.006642746925 0 0.001847180963)
(0.00667530941 0 0.001847180963)
(0.006707871895 0 0.001847180963)
(0.006740434379 0 0.001847180963)
(0.006772996864 0 0.001847180963)
(0.006805559349 0 0.001847180963)
(0.006838121834 0 0.001847180963)
(0.006870684319 0 0.001847180963)
(0.006903246804 0 0.001847180963)
(0.006935809289 0 0.001847180963)
(0.006968371774 0 0.001847180963)
(0.007000934259 0 0.001847180963)
(0.007033496744 0 0.001847180963)
(0.007066059229 0 0.001847180963)
(0.007098621714 0 0.001847180963)
(0.007131184199 0 0.001847180963)
(0.007163746683 0 0.001847180963)
(0.007196309168 0 0.001847180963)
(0.007228871653 0 0.001847180963)
(0.007261434138 0 0.001847180963)
(0.007293996623 0 0.001847180963)
(0.007326559108 0 0.001847180963)
(0.007359121593 0 0.001847180963)
(0.007391684078 0 0.001847180963)
(0.007424246563 0 0.001847180963)
(0.007456809048 0 0.001847180963)
(0.007489371533 0 0.001847180963)
(0.007521934018 0 0.001847180963)
(0.007554496503 0 0.001847180963)
(0.007587058987 0 0.001847180963)
(0.007619621472 0 0.001847180963)
(0.007652183957 0 0.001847180963)
(0.007684746442 0 0.001847180963)
(0.007717308927 0 0.001847180963)
(0.007749871412 0 0.001847180963)
(0.007782433897 0 0.001847180963)
(0.007814996382 0 0.001847180963)
(0.007847558867 0 0.001847180963)
(0.007880121352 0 0.001847180963)
(0.007912683837 0 0.001847180963)
(0.007945246322 0 0.001847180963)
(0.007977808807 0 0.001847180963)
(0.008010371291 0 0.001847180963)
(0.008042933776 0 0.001847180963)
(0.008075496261 0 0.001847180963)
(0.008108058746 0 0.001847180963)
(0.008140621231 0 0.001847180963)
(0.008173183716 0 0.001847180963)
(0.008205746201 0 0.001847180963)
(0.008238308686 0 0.001847180963)
(0.008270871171 0 0.001847180963)
(0.008303433656 0 0.001847180963)
(0.008335996141 0 0.001847180963)
(0.008368558626 0 0.001847180963)
(0.008401121111 0 0.001847180963)
(0.008433683596 0 0.001847180963)
(0.00846624608 0 0.001847180963)
(0.008498808565 0 0.001847180963)
(0.00853137105 0 0.001847180963)
(0.008563933535 0 0.001847180963)
(0.00859649602 0 0.001847180963)
(0.008629058505 0 0.001847180963)
(0.00866162099 0 0.001847180963)
(0.008694183475 0 0.001847180963)
(0.00872674596 0 0.001847180963)
(0.008759308445 0 0.001847180963)
(0.00879187093 0 0.001847180963)
(0.008824433415 0 0.001847180963)
(0.0088569959 0 0.001847180963)
(0.008889558384 0 0.001847180963)
(0.008922120869 0 0.001847180963)
(0.008954683354 0 0.001847180963)
(0.008987245839 0 0.001847180963)
(0.009019808324 0 0.001847180963)
(0.009052370809 0 0.001847180963)
(0.009084933294 0 0.001847180963)
(0.009117495779 0 0.001847180963)
(0.009150058264 0 0.001847180963)
(0.009182620749 0 0.001847180963)
(0.009215183234 0 0.001847180963)
(0.009247745719 0 0.001847180963)
(0.009280308204 0 0.001847180963)
(0.009312870688 0 0.001847180963)
(0.009345433173 0 0.001847180963)
(0.009377995658 0 0.001847180963)
(0.009410558143 0 0.001847180963)
(0.009443120628 0 0.001847180963)
(0.009475683113 0 0.001847180963)
(0.009508245598 0 0.001847180963)
(0.009540808083 0 0.001847180963)
(0.009573370568 0 0.001847180963)
(0.009605933053 0 0.001847180963)
(0.009638495538 0 0.001847180963)
(0.009671058023 0 0.001847180963)
(0.009703620508 0 0.001847180963)
(0.009736182993 0 0.001847180963)
(0.009768745477 0 0.001847180963)
(0.009801307962 0 0.001847180963)
(0.009833870447 0 0.001847180963)
(0.009866432932 0 0.001847180963)
(0.009898995417 0 0.001847180963)
(0.009931557902 0 0.001847180963)
(0.009964120387 0 0.001847180963)
(0.009996682872 0 0.001847180963)
(0.01002924536 0 0.001847180963)
(0.01006180784 0 0.001847180963)
(0.01009437033 0 0.001847180963)
(0.01012693281 0 0.001847180963)
(0.0101594953 0 0.001847180963)
(0.0101901359 0 0.001847180963)
(0.01022089029 0 0.001847180963)
(0.01025175889 0 0.001847180963)
(0.01028274212 0 0.001847180963)
(0.0103138404 0 0.001847180963)
(0.01034505418 0 0.001847180963)
(0.01037638386 0 0.001847180963)
(0.01040782989 0 0.001847180963)
(0.0104393927 0 0.001847180963)
(0.01047107272 0 0.001847180963)
(0.01050287038 0 0.001847180963)
(0.01053478612 0 0.001847180963)
(0.01056682039 0 0.001847180963)
(0.01059897361 0 0.001847180963)
(0.01063124624 0 0.001847180963)
(0.01066363872 0 0.001847180963)
(0.01069615148 0 0.001847180963)
(0.01072878498 0 0.001847180963)
(0.01076153967 0 0.001847180963)
(0.010794416 0 0.001847180963)
(0.01082741441 0 0.001847180963)
(0.01086053536 0 0.001847180963)
(0.01089377931 0 0.001847180963)
(0.01092714672 0 0.001847180963)
(0.01096063803 0 0.001847180963)
(0.01099425372 0 0.001847180963)
(0.01102799424 0 0.001847180963)
(0.01106186005 0 0.001847180963)
(0.01109585163 0 0.001847180963)
(0.01112996944 0 0.001847180963)
(0.01116421395 0 0.001847180963)
(0.01119858562 0 0.001847180963)
(0.01123308494 0 0.001847180963)
(0.01126771237 0 0.001847180963)
(0.01130246839 0 0.001847180963)
(0.01133735348 0 0.001847180963)
(0.01137236811 0 0.001847180963)
(0.01140751278 0 0.001847180963)
(0.01144278796 0 0.001847180963)
(0.01147819413 0 0.001847180963)
(0.01151373178 0 0.001847180963)
(0.01154940141 0 0.001847180963)
(0.0115852035 0 0.001847180963)
(0.01162113854 0 0.001847180963)
(0.01165720702 0 0.001847180963)
(0.01169340945 0 0.001847180963)
(0.01172974632 0 0.001847180963)
(0.01176621812 0 0.001847180963)
(0.01180282537 0 0.001847180963)
(0.01183956856 0 0.001847180963)
(0.0118764482 0 0.001847180963)
(0.01191346479 0 0.001847180963)
(0.01195061884 0 0.001847180963)
(0.01198791087 0 0.001847180963)
(0.01202534138 0 0.001847180963)
(0.01206291089 0 0.001847180963)
(0.01210061992 0 0.001847180963)
(0.01213846898 0 0.001847180963)
(0.0121764586 0 0.001847180963)
(0.01221458929 0 0.001847180963)
(0.01225286159 0 0.001847180963)
(0.01229127601 0 0.001847180963)
(0.01232983308 0 0.001847180963)
(0.01236853334 0 0.001847180963)
(0.01240737731 0 0.001847180963)
(0.01244636553 0 0.001847180963)
(0.01248549854 0 0.001847180963)
(0.01252477687 0 0.001847180963)
(0.01256420106 0 0.001847180963)
(0.01260377165 0 0.001847180963)
(0.01264348919 0 0.001847180963)
(0.01268335422 0 0.001847180963)
(0.0127233673 0 0.001847180963)
(0.01276352896 0 0.001847180963)
(0.01280383977 0 0.001847180963)
(0.01284430027 0 0.001847180963)
(0.01288491103 0 0.001847180963)
(0.0129256726 0 0.001847180963)
(0.01296658553 0 0.001847180963)
(0.0130076504 0 0.001847180963)
(0.01304886776 0 0.001847180963)
(0.01309023819 0 0.001847180963)
(0.01313176225 0 0.001847180963)
(0.01317344051 0 0.001847180963)
(0.01321527354 0 0.001847180963)
(0.01325726192 0 0.001847180963)
(0.01329940623 0 0.001847180963)
(0.01334170704 0 0.001847180963)
(0.01338416494 0 0.001847180963)
(0.01342678051 0 0.001847180963)
(0.01346955433 0 0.001847180963)
(0.013512487 0 0.001847180963)
(0.0135555791 0 0.001847180963)
(0.01359883122 0 0.001847180963)
(0.01364224396 0 0.001847180963)
(0.01368581792 0 0.001847180963)
(0.01372955369 0 0.001847180963)
(0.01377345188 0 0.001847180963)
(0.01381751308 0 0.001847180963)
(0.01386173791 0 0.001847180963)
(0.01390612697 0 0.001847180963)
(0.01395068087 0 0.001847180963)
(0.01399540022 0 0.001847180963)
(0.01404028564 0 0.001847180963)
(0.01408533775 0 0.001847180963)
(0.01413055715 0 0.001847180963)
(0.01417594448 0 0.001847180963)
(0.01422150036 0 0.001847180963)
(0.01426722542 0 0.001847180963)
(0.01431312027 0 0.001847180963)
(0.01435918556 0 0.001847180963)
(0.01440542192 0 0.001847180963)
(0.01445182997 0 0.001847180963)
(0.01449841036 0 0.001847180963)
(0.01454516374 0 0.001847180963)
(0.01459209073 0 0.001847180963)
(0.01463919199 0 0.001847180963)
(0.01468646816 0 0.001847180963)
(0.01473391989 0 0.001847180963)
(0.01478154784 0 0.001847180963)
(0.01482935266 0 0.001847180963)
(0.014877335 0 0.001847180963)
(0.01492549553 0 0.001847180963)
(0.0149738349 0 0.001847180963)
(0.01502235378 0 0.001847180963)
(0.01507105284 0 0.001847180963)
(0.01511993275 0 0.001847180963)
(0.01516899417 0 0.001847180963)
(0.01521823779 0 0.001847180963)
(0.01526766428 0 0.001847180963)
(0.01531727431 0 0.001847180963)
(0.01536706857 0 0.001847180963)
(0.01541704775 0 0.001847180963)
(0.01546721252 0 0.001847180963)
(0.01551756359 0 0.001847180963)
(0.01556810163 0 0.001847180963)
(0.01561882736 0 0.001847180963)
(0.01566974145 0 0.001847180963)
(0.01572084462 0 0.001847180963)
(0.01577213756 0 0.001847180963)
(0.01582362097 0 0.001847180963)
(0.01587529558 0 0.001847180963)
(0.01592716208 0 0.001847180963)
(0.01597922119 0 0.001847180963)
(0.01603147362 0 0.001847180963)
(0.0160839201 0 0.001847180963)
(0.01613656134 0 0.001847180963)
(0.01618939806 0 0.001847180963)
(0.016242431 0 0.001847180963)
(0.01629566087 0 0.001847180963)
(0.01634908842 0 0.001847180963)
(0.01640271437 0 0.001847180963)
(0.01645653947 0 0.001847180963)
(0.01651056444 0 0.001847180963)
(0.01656479005 0 0.001847180963)
(0.01661921702 0 0.001847180963)
(0.01667384611 0 0.001847180963)
(0.01672867806 0 0.001847180963)
(0.01678371364 0 0.001847180963)
(0.01683895359 0 0.001847180963)
(0.01689439869 0 0.001847180963)
(0.01695004967 0 0.001847180963)
(0.01700590733 0 0.001847180963)
(0.01706197241 0 0.001847180963)
(0.01711824569 0 0.001847180963)
(0.01717472794 0 0.001847180963)
(0.01723141995 0 0.001847180963)
(0.01728832248 0 0.001847180963)
(0.01734543632 0 0.001847180963)
(0.01740276226 0 0.001847180963)
(0.01746030108 0 0.001847180963)
(0.01751805358 0 0.001847180963)
(0.01757602054 0 0.001847180963)
(0.01763420276 0 0.001847180963)
(0.01769260105 0 0.001847180963)
(0.0177512162 0 0.001847180963)
(0.01781004902 0 0.001847180963)
(0.01786910032 0 0.001847180963)
(0.01792837091 0 0.001847180963)
(0.01798786161 0 0.001847180963)
(0.01804757322 0 0.001847180963)
(0.01810750658 0 0.001847180963)
(0.0181676625 0 0.001847180963)
(0.01822804182 0 0.001847180963)
(0.01828864535 0 0.001847180963)
(0.01834947394 0 0.001847180963)
(0.01841052842 0 0.001847180963)
(0.01847180963 0 0.001847180963)
(0 0 0)
(3.256248492e-05 0 0)
(6.512496985e-05 0 0)
(9.768745477e-05 0 0)
(0.0001302499397 0 0)
(0.0001628124246 0 0)
(0.0001953749095 0 0)
(0.0002279373945 0 0)
(0.0002604998794 0 0)
(0.0002930623643 0 0)
(0.0003256248492 0 0)
(0.0003581873342 0 0)
(0.0003907498191 0 0)
(0.000423312304 0 0)
(0.0004558747889 0 0)
(0.0004884372739 0 0)
(0.0005209997588 0 0)
(0.0005535622437 0 0)
(0.0005861247286 0 0)
(0.0006186872136 0 0)
(0.0006512496985 0 0)
(0.0006838121834 0 0)
(0.0007163746683 0 0)
(0.0007489371533 0 0)
(0.0007814996382 0 0)
(0.0008140621231 0 0)
(0.000846624608 0 0)
(0.000879187093 0 0)
(0.0009117495779 0 0)
(0.0009443120628 0 0)
(0.0009768745477 0 0)
(0.001009437033 0 0)
(0.001041999518 0 0)
(0.001074562003 0 0)
(0.001107124487 0 0)
(0.001139686972 0 0)
(0.001172249457 0 0)
(0.001204811942 0 0)
(0.001237374427 0 0)
(0.001269936912 0 0)
(0.001302499397 0 0)
(0.001335061882 0 0)
(0.001367624367 0 0)
(0.001400186852 0 0)
(0.001432749337 0 0)
(0.001465311822 0 0)
(0.001497874307 0 0)
(0.001530436791 0 0)
(0.001562999276 0 0)
(0.001595561761 0 0)
(0.001628124246 0 0)
(0.001660686731 0 0)
(0.001693249216 0 0)
(0.001725811701 0 0)
(0.001758374186 0 0)
(0.001790936671 0 0)
(0.001823499156 0 0)
(0.001856061641 0 0)
(0.001888624126 0 0)
(0.001921186611 0 0)
(0.001953749095 0 0)
(0.00198631158 0 0)
(0.002018874065 0 0)
(0.00205143655 0 0)
(0.002083999035 0 0)
(0.00211656152 0 0)
(0.002149124005 0 0)
(0.00218168649 0 0)
(0.002214248975 0 0)
(0.00224681146 0 0)
(0.002279373945 0 0)
(0.00231193643 0 0)
(0.002344498915 0 0)
(0.0023770614 0 0)
(0.002409623884 0 0)
(0.002442186369 0 0)
(0.002474748854 0 0)
(0.002507311339 0 0)
(0.002539873824 0 0)
(0.002572436309 0 0)
(0.002604998794 0 0)
(0.002637561279 0 0)
(0.002670123764 0 0)
(0.002702686249 0 0)
(0.002735248734 0 0)
(0.002767811219 0 0)
(0.002800373704 0 0)
(0.002832936188 0 0)
(0.002865498673 0 0)
(0.002898061158 0 0)
(0.002930623643 0 0)
(0.002963186128 0 0)
(0.002995748613 0 0)
(0.003028311098 0 0)
(0.003060873583 0 0)
(0.003093436068 0 0)
(0.003125998553 0 0)
(0.003158561038 0 0)
(0.003191123523 0 0)
(0.003223686008 0 0)
(0.003256248492 0 0)
(0.003288810977 0 0)
(0.003321373462 0 0)
(0.003353935947 0 0)
(0.003386498432 0 0)
(0.003419060917 0 0)
(0.003451623402 0 0)
(0.003484185887 0 0)
(0.003516748372 0 0)
(0.003549310857 0 0)
(0.003581873342 0 0)
(0.003614435827 0 0)
(0.003646998312 0 0)
(0.003679560797 0 0)
(0.003712123281 0 0)
(0.003744685766 0 0)
(0.003777248251 0 0)
(0.003809810736 0 0)
(0.003842373221 0 0)
(0.003874935706 0 0)
(0.003907498191 0 0)
(0.003940060676 0 0)
(0.003972623161 0 0)
(0.004005185646 0 0)
(0.004037748131 0 0)
(0.004070310616 0 0)
(0.004102873101 0 0)
(0.004135435585 0 0)
(0.00416799807 0 0)
(0.004200560555 0 0)
(0.00423312304 0 0)
(0.004265685525 0 0)
(0.00429824801 0 0)
(0.004330810495 0 0)
(0.00436337298 0 0)
(0.004395935465 0 0)
(0.00442849795 0 0)
(0.004461060435 0 0)
(0.00449362292 0 0)
(0.004526185405 0 0)
(0.004558747889 0 0)
(0.004591310374 0 0)
(0.004623872859 0 0)
(0.004656435344 0 0)
(0.004688997829 0 0)
(0.004721560314 0 0)
(0.004754122799 0 0)
(0.004786685284 0 0)
(0.004819247769 0 0)
(0.004851810254 0 0)
(0.004884372739 0 0)
(0.004916935224 0 0)
(0.004949497709 0 0)
(0.004982060193 0 0)
(0.005014622678 0 0)
(0.005047185163 0 0)
(0.005079747648 0 0)
(0.005112310133 0 0)
(0.005144872618 0 0)
(0.005177435103 0 0)
(0.005209997588 0 0)
(0.005242560073 0 0)
(0.005275122558 0 0)
(0.005307685043 0 0)
(0.005340247528 0 0)
(0.005372810013 0 0)
(0.005405372498 0 0)
(0.005437934982 0 0)
(0.005470497467 0 0)
(0.005503059952 0 0)
(0.005535622437 0 0)
(0.005568184922 0 0)
(0.005600747407 0 0)
(0.005633309892 0 0)
(0.005665872377 0 0)
(0.005698434862 0 0)
(0.005730997347 0 0)
(0.005763559832 0 0)
(0.005796122317 0 0)
(0.005828684802 0 0)
(0.005861247286 0 0)
(0.005893809771 0 0)
(0.005926372256 0 0)
(0.005958934741 0 0)
(0.005991497226 0 0)
(0.006024059711 0 0)
(0.006056622196 0 0)
(0.006089184681 0 0)
(0.006121747166 0 0)
(0.006154309651 0 0)
(0.006186872136 0 0)
(0.006219434621 0 0)
(0.006251997106 0 0)
(0.00628455959 0 0)
(0.006317122075 0 0)
(0.00634968456 0 0)
(0.006382247045 0 0)
(0.00641480953 0 0)
(0.006447372015 0 0)
(0.0064799345 0 0)
(0.006512496985 0 0)
(0.00654505947 0 0)
(0.006577621955 0 0)
(0.00661018444 0 0)
(0.006642746925 0 0)
(0.00667530941 0 0)
(0.006707871895 0 0)
(0.006740434379 0 0)
(0.006772996864 0 0)
(0.006805559349 0 0)
(0.006838121834 0 0)
(0.006870684319 0 0)
(0.006903246804 0 0)
(0.006935809289 0 0)
(0.006968371774 0 0)
(0.007000934259 0 0)
(0.007033496744 0 0)
(0.007066059229 0 0)
(0.007098621714 0 0)
(0.007131184199 0 0)
(0.007163746683 0 0)
(0.007196309168 0 0)
(0.007228871653 0 0)
(0.007261434138 0 0)
(0.007293996623 0 0)
(0.007326559108 0 0)
(0.007359121593 0 0)
(0.007391684078 0 0)
(0.007424246563 0 0)
(0.007456809048 0 0)
(0.007489371533 0 0)
(0.007521934018 0 0)
(0.007554496503 0 0)
(0.007587058987 0 0)
(0.007619621472 0 0)
(0.007652183957 0 0)
(0.007684746442 0 0)
(0.007717308927 0 0)
(0.007749871412 0 0)
(0.007782433897 0 0)
(0.007814996382 0 0)
(0.007847558867 0 0)
(0.007880121352 0 0)
(0.007912683837 0 0)
(0.007945246322 0 0)
(0.007977808807 0 0)
(0.008010371291 0 0)
(0.008042933776 0 0)
(0.008075496261 0 0)
(0.008108058746 0 0)
(0.008140621231 0 0)
(0.008173183716 0 0)
(0.008205746201 0 0)
(0.008238308686 0 0)
(0.008270871171 0 0)
(0.008303433656 0 0)
(0.008335996141 0 0)
(0.008368558626 0 0)
(0.008401121111 0 0)
(0.008433683596 0 0)
(0.00846624608 0 0)
(0.008498808565 0 0)
(0.00853137105 0 0)
(0.008563933535 0 0)
(0.00859649602 0 0)
(0.008629058505 0 0)
(0.00866162099 0 0)
(0.008694183475 0 0)
(0.00872674596 0 0)
(0.008759308445 0 0)
(0.00879187093 0 0)
(0.008824433415 0 0)
(0.0088569959 0 0)
(0.008889558384 0 0)
(0.008922120869 0 0)
(0.008954683354 0 0)
(0.008987245839 0 0)
(0.009019808324 0 0)
(0.009052370809 0 0)
(0.009084933294 0 0)
(0.009117495779 0 0)
(0.009150058264 0 0)
(0.009182620749 0 0)
(0.009215183234 0 0)
(0.009247745719 0 0)
(0.009280308204 0 0)
(0.009312870688 0 0)
(0.009345433173 0 0)
(0.009377995658 0 0)
(0.009410558143 0 0)
(0.009443120628 0 0)
(0.009475683113 0 0)
(0.009508245598 0 0)
(0.009540808083 0 0)
(0.009573370568 0 0)
(0.009605933053 0 0)
(0.009638495538 0 0)
(0.009671058023 0 0)
(0.009703620508 0 0)
(0.009736182993 0 0)
(0.009768745477 0 0)
(0.009801307962 0 0)
(0.009833870447 0 0)
(0.009866432932 0 0)
(0.009898995417 0 0)
(0.009931557902 0 0)
(0.009964120387 0 0)
(0.009996682872 0 0)
(0.01002924536 0 0)
(0.01006180784 0 0)
(0.01009437033 0 0)
(0.01012693281 0 0)
(0.0101594953 0 0)
(0.0101901359 0 0)
(0.01022089029 0 0)
(0.01025175889 0 0)
(0.01028274212 0 0)
(0.0103138404 0 0)
(0.01034505418 0 0)
(0.01037638386 0 0)
(0.01040782989 0 0)
(0.0104393927 0 0)
(0.01047107272 0 0)
(0.01050287038 0 0)
(0.01053478612 0 0)
(0.01056682039 0 0)
(0.01059897361 0 0)
(0.01063124624 0 0)
(0.01066363872 0 0)
(0.01069615148 0 0)
(0.01072878498 0 0)
(0.01076153967 0 0)
(0.010794416 0 0)
(0.01082741441 0 0)
(0.01086053536 0 0)
(0.01089377931 0 0)
(0.01092714672 0 0)
(0.01096063803 0 0)
(0.01099425372 0 0)
(0.01102799424 0 0)
(0.01106186005 0 0)
(0.01109585163 0 0)
(0.01112996944 0 0)
(0.01116421395 0 0)
(0.01119858562 0 0)
(0.01123308494 0 0)
(0.01126771237 0 0)
(0.01130246839 0 0)
(0.01133735348 0 0)
(0.01137236811 0 0)
(0.01140751278 0 0)
(0.01144278796 0 0)
(0.01147819413 0 0)
(0.01151373178 0 0)
(0.01154940141 0 0)
(0.0115852035 0 0)
(0.01162113854 0 0)
(0.01165720702 0 0)
(0.01169340945 0 0)
(0.01172974632 0 0)
(0.01176621812 0 0)
(0.01180282537 0 0)
(0.01183956856 0 0)
(0.0118764482 0 0)
(0.01191346479 0 0)
(0.01195061884 0 0)
(0.01198791087 0 0)
(0.01202534138 0 0)
(0.01206291089 0 0)
(0.01210061992 0 0)
(0.01213846898 0 0)
(0.0121764586 0 0)
(0.01221458929 0 0)
(0.01225286159 0 0)
(0.01229127601 0 0)
(0.01232983308 0 0)
(0.01236853334 0 0)
(0.01240737731 0 0)
(0.01244636553 0 0)
(0.01248549854 0 0)
(0.01252477687 0 0)
(0.01256420106 0 0)
(0.01260377165 0 0)
(0.01264348919 0 0)
(0.01268335422 0 0)
(0.0127233673 0 0)
(0.01276352896 0 0)
(0.01280383977 0 0)
(0.01284430027 0 0)
(0.01288491103 0 0)
(0.0129256726 0 0)
(0.01296658553 0 0)
(0.0130076504 0 0)
(0.01304886776 0 0)
(0.01309023819 0 0)
(0.01313176225 0 0)
(0.01317344051 0 0)
(0.01321527354 0 0)
(0.01325726192 0 0)
(0.01329940623 0 0)
(0.01334170704 0 0)
(0.01338416494 0 0)
(0.01342678051 0 0)
(0.01346955433 0 0)
(0.013512487 0 0)
(0.0135555791 0 0)
(0.01359883122 0 0)
(0.01364224396 0 0)
(0.01368581792 0 0)
(0.01372955369 0 0)
(0.01377345188 0 0)
(0.01381751308 0 0)
(0.01386173791 0 0)
(0.01390612697 0 0)
(0.01395068087 0 0)
(0.01399540022 0 0)
(0.01404028564 0 0)
(0.01408533775 0 0)
(0.01413055715 0 0)
(0.01417594448 0 0)
(0.01422150036 0 0)
(0.01426722542 0 0)
(0.01431312027 0 0)
(0.01435918556 0 0)
(0.01440542192 0 0)
(0.01445182997 0 0)
(0.01449841036 0 0)
(0.01454516374 0 0)
(0.01459209073 0 0)
(0.01463919199 0 0)
(0.01468646816 0 0)
(0.01473391989 0 0)
(0.01478154784 0 0)
(0.01482935266 0 0)
(0.014877335 0 0)
(0.01492549553 0 0)
(0.0149738349 0 0)
(0.01502235378 0 0)
(0.01507105284 0 0)
(0.01511993275 0 0)
(0.01516899417 0 0)
(0.01521823779 0 0)
(0.01526766428 0 0)
(0.01531727431 0 0)
(0.01536706857 0 0)
(0.01541704775 0 0)
(0.01546721252 0 0)
(0.01551756359 0 0)
(0.01556810163 0 0)
(0.01561882736 0 0)
(0.01566974145 0 0)
(0.01572084462 0 0)
(0.01577213756 0 0)
(0.01582362097 0 0)
(0.01587529558 0 0)
(0.01592716208 0 0)
(0.01597922119 0 0)
(0.01603147362 0 0)
(0.0160839201 0 0)
(0.01613656134 0 0)
(0.01618939806 0 0)
(0.016242431 0 0)
(0.01629566087 0 0)
(0.01634908842 0 0)
(0.01640271437 0 0)
(0.01645653947 0 0)
(0.01651056444 0 0)
(0.01656479005 0 0)
(0.01661921702 0 0)
(0.01667384611 0 0)
(0.01672867806 0 0)
(0.01678371364 0 0)
(0.01683895359 0 0)
(0.01689439869 0 0)
(0.01695004967 0 0)
(0.01700590733 0 0)
(0.01706197241 0 0)
(0.01711824569 0 0)
(0.01717472794 0 0)
(0.01723141995 0 0)
(0.01728832248 0 0)
(0.01734543632 0 0)
(0.01740276226 0 0)
(0.01746030108 0 0)
(0.01751805358 0 0)
(0.01757602054 0 0)
(0.01763420276 0 0)
(0.01769260105 0 0)
(0.0177512162 0 0)
(0.01781004902 0 0)
(0.01786910032 0 0)
(0.01792837091 0 0)
(0.01798786161 0 0)
(0.01804757322 0 0)
(0.01810750658 0 0)
(0.0181676625 0 0)
(0.01822804182 0 0)
(0.01828864535 0 0)
(0.01834947394 0 0)
(0.01841052842 0 0)
(0.01847180963 0 0)
(0 0.001847180963 0.001847180963)
(3.256248492e-05 0.001847180963 0.001847180963)
(6.512496985e-05 0.001847180963 0.001847180963)
(9.768745477e-05 0.001847180963 0.001847180963)
(0.0001302499397 0.001847180963 0.001847180963)
(0.0001628124246 0.001847180963 0.001847180963)
(0.0001953749095 0.001847180963 0.001847180963)
(0.0002279373945 0.001847180963 0.001847180963)
(0.0002604998794 0.001847180963 0.001847180963)
(0.0002930623643 0.001847180963 0.001847180963)
(0.0003256248492 0.001847180963 0.001847180963)
(0.0003581873342 0.001847180963 0.001847180963)
(0.0003907498191 0.001847180963 0.001847180963)
(0.000423312304 0.001847180963 0.001847180963)
(0.0004558747889 0.001847180963 0.001847180963)
(0.0004884372739 0.001847180963 0.001847180963)
(0.0005209997588 0.001847180963 0.001847180963)
(0.0005535622437 0.001847180963 0.001847180963)
(0.0005861247286 0.001847180963 0.001847180963)
(0.0006186872136 0.001847180963 0.001847180963)
(0.0006512496985 0.001847180963 0.001847180963)
(0.0006838121834 0.001847180963 0.001847180963)
(0.0007163746683 0.001847180963 0.001847180963)
(0.0007489371533 0.001847180963 0.001847180963)
(0.0007814996382 0.001847180963 0.001847180963)
(0.0008140621231 0.001847180963 0.001847180963)
(0.000846624608 0.001847180963 0.001847180963)
(0.000879187093 0.001847180963 0.001847180963)
(0.0009117495779 0.001847180963 0.001847180963)
(0.0009443120628 0.001847180963 0.001847180963)
(0.0009768745477 0.001847180963 0.001847180963)
(0.001009437033 0.001847180963 0.001847180963)
(0.001041999518 0.001847180963 0.001847180963)
(0.001074562003 0.001847180963 0.001847180963)
(0.001107124487 0.001847180963 0.001847180963)
(0.001139686972 0.001847180963 0.001847180963)
(0.001172249457 0.001847180963 0.001847180963)
(0.001204811942 0.001847180963 0.001847180963)
(0.001237374427 0.001847180963 0.001847180963)
(0.001269936912 0.001847180963 0.001847180963)
(0.001302499397 0.001847180963 0.001847180963)
(0.001335061882 0.001847180963 0.001847180963)
(0.001367624367 0.001847180963 0.001847180963)
(0.001400186852 0.001847180963 0.001847180963)
(0.001432749337 0.001847180963 0.001847180963)
(0.001465311822 0.001847180963 0.001847180963)
(0.001497874307 0.001847180963 0.001847180963)
(0.001530436791 0.001847180963 0.001847180963)
(0.001562999276 0.001847180963 0.001847180963)
(0.001595561761 0.001847180963 0.001847180963)
(0.001628124246 0.001847180963 0.001847180963)
(0.001660686731 0.001847180963 0.001847180963)
(0.001693249216 0.001847180963 0.001847180963)
(0.001725811701 0.001847180963 0.001847180963)
(0.001758374186 0.001847180963 0.001847180963)
(0.001790936671 0.001847180963 0.001847180963)
(0.001823499156 0.001847180963 0.001847180963)
(0.001856061641 0.001847180963 0.001847180963)
(0.001888624126 0.001847180963 0.001847180963)
(0.001921186611 0.001847180963 0.001847180963)
(0.001953749095 0.001847180963 0.001847180963)
(0.00198631158 0.001847180963 0.001847180963)
(0.002018874065 0.001847180963 0.001847180963)
(0.00205143655 0.001847180963 0.001847180963)
(0.002083999035 0.001847180963 0.001847180963)
(0.00211656152 0.001847180963 0.001847180963)
(0.002149124005 0.001847180963 0.001847180963)
(0.00218168649 0.001847180963 0.001847180963)
(0.002214248975 0.001847180963 0.001847180963)
(0.00224681146 0.001847180963 0.001847180963)
(0.002279373945 0.001847180963 0.001847180963)
(0.00231193643 0.001847180963 0.001847180963)
(0.002344498915 0.001847180963 0.001847180963)
(0.0023770614 0.001847180963 0.001847180963)
(0.002409623884 0.001847180963 0.001847180963)
(0.002442186369 0.001847180963 0.001847180963)
(0.002474748854 0.001847180963 0.001847180963)
(0.002507311339 0.001847180963 0.001847180963)
(0.002539873824 0.001847180963 0.001847180963)
(0.002572436309 0.001847180963 0.001847180963)
(0.002604998794 0.001847180963 0.001847180963)
(0.002637561279 0.001847180963 0.001847180963)
(0.002670123764 0.001847180963 0.001847180963)
(0.002702686249 0.001847180963 0.001847180963)
(0.002735248734 0.001847180963 0.001847180963)
(0.002767811219 0.001847180963 0.001847180963)
(0.002800373704 0.001847180963 0.001847180963)
(0.002832936188 0.001847180963 0.001847180963)
(0.002865498673 0.001847180963 0.001847180963)
(0.002898061158 0.001847180963 0.001847180963)
(0.002930623643 0.001847180963 0.001847180963)
(0.002963186128 0.001847180963 0.001847180963)
(0.002995748613 0.001847180963 0.001847180963)
(0.003028311098 0.001847180963 0.001847180963)
(0.003060873583 0.001847180963 0.001847180963)
(0.003093436068 0.001847180963 0.001847180963)
(0.003125998553 0.001847180963 0.001847180963)
(0.003158561038 0.001847180963 0.001847180963)
(0.003191123523 0.001847180963 0.001847180963)
(0.003223686008 0.001847180963 0.001847180963)
(0.003256248492 0.001847180963 0.001847180963)
(0.003288810977 0.001847180963 0.001847180963)
(0.003321373462 0.001847180963 0.001847180963)
(0.003353935947 0.001847180963 0.001847180963)
(0.003386498432 0.001847180963 0.001847180963)
(0.003419060917 0.001847180963 0.001847180963)
(0.003451623402 0.001847180963 0.001847180963)
(0.003484185887 0.001847180963 0.001847180963)
(0.003516748372 0.001847180963 0.001847180963)
(0.003549310857 0.001847180963 0.001847180963)
(0.003581873342 0.001847180963 0.001847180963)
(0.003614435827 0.001847180963 0.001847180963)
(0.003646998312 0.001847180963 0.001847180963)
(0.003679560797 0.001847180963 0.001847180963)
(0.003712123281 0.001847180963 0.001847180963)
(0.003744685766 0.001847180963 0.001847180963)
(0.003777248251 0.001847180963 0.001847180963)
(0.003809810736 0.001847180963 0.001847180963)
(0.003842373221 0.001847180963 0.001847180963)
(0.003874935706 0.001847180963 0.001847180963)
(0.003907498191 0.001847180963 0.001847180963)
(0.003940060676 0.001847180963 0.001847180963)
(0.003972623161 0.001847180963 0.001847180963)
(0.004005185646 0.001847180963 0.001847180963)
(0.004037748131 0.001847180963 0.001847180963)
(0.004070310616 0.001847180963 0.001847180963)
(0.004102873101 0.001847180963 0.001847180963)
(0.004135435585 0.001847180963 0.001847180963)
(0.00416799807 0.001847180963 0.001847180963)
(0.004200560555 0.001847180963 0.001847180963)
(0.00423312304 0.001847180963 0.001847180963)
(0.004265685525 0.001847180963 0.001847180963)
(0.00429824801 0.001847180963 0.001847180963)
(0.004330810495 0.001847180963 0.001847180963)
(0.00436337298 0.001847180963 0.001847180963)
(0.004395935465 0.001847180963 0.001847180963)
(0.00442849795 0.001847180963 0.001847180963)
(0.004461060435 0.001847180963 0.001847180963)
(0.00449362292 0.001847180963 0.001847180963)
(0.004526185405 0.001847180963 0.001847180963)
(0.004558747889 0.001847180963 0.001847180963)
(0.004591310374 0.001847180963 0.001847180963)
(0.004623872859 0.001847180963 0.001847180963)
(0.004656435344 0.001847180963 0.001847180963)
(0.004688997829 0.001847180963 0.001847180963)
(0.004721560314 0.001847180963 0.001847180963)
(0.004754122799 0.001847180963 0.001847180963)
(0.004786685284 0.001847180963 0.001847180963)
(0.004819247769 0.001847180963 0.001847180963)
(0.004851810254 0.001847180963 0.001847180963)
(0.004884372739 0.001847180963 0.001847180963)
(0.004916935224 0.001847180963 0.001847180963)
(0.004949497709 0.001847180963 0.001847180963)
(0.004982060193 0.001847180963 0.001847180963)
(0.005014622678 0.001847180963 0.001847180963)
(0.005047185163 0.001847180963 0.001847180963)
(0.005079747648 0.001847180963 0.001847180963)
(0.005112310133 0.001847180963 0.001847180963)
(0.005144872618 0.001847180963 0.001847180963)
(0.005177435103 0.001847180963 0.001847180963)
(0.005209997588 0.001847180963 0.001847180963)
(0.005242560073 0.001847180963 0.001847180963)
(0.005275122558 0.001847180963 0.001847180963)
(0.005307685043 0.001847180963 0.001847180963)
(0.005340247528 0.001847180963 0.001847180963)
(0.005372810013 0.001847180963 0.001847180963)
(0.005405372498 0.001847180963 0.001847180963)
(0.005437934982 0.001847180963 0.001847180963)
(0.005470497467 0.001847180963 0.001847180963)
(0.005503059952 0.001847180963 0.001847180963)
(0.005535622437 0.001847180963 0.001847180963)
(0.005568184922 0.001847180963 0.001847180963)
(0.005600747407 0.001847180963 0.001847180963)
(0.005633309892 0.001847180963 0.001847180963)
(0.005665872377 0.001847180963 0.001847180963)
(0.005698434862 0.001847180963 0.001847180963)
(0.005730997347 0.001847180963 0.001847180963)
(0.005763559832 0.001847180963 0.001847180963)
(0.005796122317 0.001847180963 0.001847180963)
(0.005828684802 0.001847180963 0.001847180963)
(0.005861247286 0.001847180963 0.001847180963)
(0.005893809771 0.001847180963 0.001847180963)
(0.005926372256 0.001847180963 0.001847180963)
(0.005958934741 0.001847180963 0.001847180963)
(0.005991497226 0.001847180963 0.001847180963)
(0.006024059711 0.001847180963 0.001847180963)
(0.006056622196 0.001847180963 0.001847180963)
(0.006089184681 0.001847180963 0.001847180963)
(0.006121747166 0.001847180963 0.001847180963)
(0.006154309651 0.001847180963 0.001847180963)
(0.006186872136 0.001847180963 0.001847180963)
(0.006219434621 0.001847180963 0.001847180963)
(0.006251997106 0.001847180963 0.001847180963)
(0.00628455959 0.001847180963 0.001847180963)
(0.006317122075 0.001847180963 0.001847180963)
(0.00634968456 0.001847180963 0.001847180963)
(0.006382247045 0.001847180963 0.001847180963)
(0.00641480953 0.001847180963 0.001847180963)
(0.006447372015 0.001847180963 0.001847180963)
(0.0064799345 0.001847180963 0.001847180963)
(0.006512496985 0.001847180963 0.001847180963)
(0.00654505947 0.001847180963 0.001847180963)
(0.006577621955 0.001847180963 0.001847180963)
(0.00661018444 0.001847180963 0.001847180963)
(0.006642746925 0.001847180963 0.001847180963)
(0.00667530941 0.001847180963 0.001847180963)
(0.006707871895 0.001847180963 0.001847180963)
(0.006740434379 0.001847180963 0.001847180963)
(0.006772996864 0.001847180963 0.001847180963)
(0.006805559349 0.001847180963 0.001847180963)
(0.006838121834 0.001847180963 0.001847180963)
(0.006870684319 0.001847180963 0.001847180963)
(0.006903246804 0.001847180963 0.001847180963)
(0.006935809289 0.001847180963 0.001847180963)
(0.006968371774 0.001847180963 0.001847180963)
(0.007000934259 0.001847180963 0.001847180963)
(0.007033496744 0.001847180963 0.001847180963)
(0.007066059229 0.001847180963 0.001847180963)
(0.007098621714 0.001847180963 0.001847180963)
(0.007131184199 0.001847180963 0.001847180963)
(0.007163746683 0.001847180963 0.001847180963)
(0.007196309168 0.001847180963 0.001847180963)
(0.007228871653 0.001847180963 0.001847180963)
(0.007261434138 0.001847180963 0.001847180963)
(0.007293996623 0.001847180963 0.001847180963)
(0.007326559108 0.001847180963 0.001847180963)
(0.007359121593 0.001847180963 0.001847180963)
(0.007391684078 0.001847180963 0.001847180963)
(0.007424246563 0.001847180963 0.001847180963)
(0.007456809048 0.001847180963 0.001847180963)
(0.007489371533 0.001847180963 0.001847180963)
(0.007521934018 0.001847180963 0.001847180963)
(0.007554496503 0.001847180963 0.001847180963)
(0.007587058987 0.001847180963 0.001847180963)
(0.007619621472 0.001847180963 0.001847180963)
(0.007652183957 0.001847180963 0.001847180963)
(0.007684746442 0.001847180963 0.001847180963)
(0.007717308927 0.001847180963 0.001847180963)
(0.007749871412 0.001847180963 0.001847180963)
(0.007782433897 0.001847180963 0.001847180963)
(0.007814996382 0.001847180963 0.001847180963)
(0.007847558867 0.001847180963 0.001847180963)
(0.007880121352 0.001847180963 0.001847180963)
(0.007912683837 0.001847180963 0.001847180963)
(0.007945246322 0.001847180963 0.001847180963)
(0.007977808807 0.001847180963 0.001847180963)
(0.008010371291 0.001847180963 0.001847180963)
(0.008042933776 0.001847180963 0.001847180963)
(0.008075496261 0.001847180963 0.001847180963)
(0.008108058746 0.001847180963 0.001847180963)
(0.008140621231 0.001847180963 0.001847180963)
(0.008173183716 0.001847180963 0.001847180963)
(0.008205746201 0.001847180963 0.001847180963)
(0.008238308686 0.001847180963 0.001847180963)
(0.008270871171 0.001847180963 0.001847180963)
(0.008303433656 0.001847180963 0.001847180963)
(0.008335996141 0.001847180963 0.001847180963)
(0.008368558626 0.001847180963 0.001847180963)
(0.008401121111 0.001847180963 0.001847180963)
(0.008433683596 0.001847180963 0.001847180963)
(0.00846624608 0.001847180963 0.001847180963)
(0.008498808565 0.001847180963 0.001847180963)
(0.00853137105 0.001847180963 0.001847180963)
(0.008563933535 0.001847180963 0.001847180963)
(0.00859649602 0.001847180963 0.001847180963)
(0.008629058505 0.001847180963 0.001847180963)
(0.00866162099 0.001847180963 0.001847180963)
(0.008694183475 0.001847180963 0.001847180963)
(0.00872674596 0.001847180963 0.001847180963)
(0.008759308445 0.001847180963 0.001847180963)
(0.00879187093 0.001847180963 0.001847180963)
(0.008824433415 0.001847180963 0.001847180963)
(0.0088569959 0.001847180963 0.001847180963)
(0.008889558384 0.001847180963 0.001847180963)
(0.008922120869 0.001847180963 0.001847180963)
(0.008954683354 0.001847180963 0.001847180963)
(0.008987245839 0.001847180963 0.001847180963)
(0.009019808324 0.001847180963 0.001847180963)
(0.009052370809 0.001847180963 0.001847180963)
(0.009084933294 0.001847180963 0.001847180963)
(0.009117495779 0.001847180963 0.001847180963)
(0.009150058264 0.001847180963 0.001847180963)
(0.009182620749 0.001847180963 0.001847180963)
(0.009215183234 0.001847180963 0.001847180963)
(0.009247745719 0.001847180963 0.001847180963)
(0.009280308204 0.001847180963 0.001847180963)
(0.009312870688 0.001847180963 0.001847180963)
(0.009345433173 0.001847180963 0.001847180963)
(0.009377995658 0.001847180963 0.001847180963)
(0.009410558143 0.001847180963 0.001847180963)
(0.009443120628 0.001847180963 0.001847180963)
(0.009475683113 0.001847180963 0.001847180963)
(0.009508245598 0.001847180963 0.001847180963)
(0.009540808083 0.001847180963 0.001847180963)
(0.009573370568 0.001847180963 0.001847180963)
(0.009605933053 0.001847180963 0.001847180963)
(0.009638495538 0.001847180963 0.001847180963)
(0.009671058023 0.001847180963 0.001847180963)
(0.009703620508 0.001847180963 0.001847180963)
(0.009736182993 0.001847180963 0.001847180963)
(0.009768745477 0.001847180963 0.001847180963)
(0.009801307962 0.001847180963 0.001847180963)
(0.009833870447 0.001847180963 0.001847180963)
(0.009866432932 0.001847180963 0.001847180963)
(0.009898995417 0.001847180963 0.001847180963)
(0.009931557902 0.001847180963 0.001847180963)
(0.009964120387 0.001847180963 0.001847180963)
(0.009996682872 0.001847180963 0.001847180963)
(0.01002924536 0.001847180963 0.001847180963)
(0.01006180784 0.001847180963 0.001847180963)
(0.01009437033 0.001847180963 0.001847180963)
(0.01012693281 0.001847180963 0.001847180963)
(0.0101594953 0.001847180963 0.001847180963)
(0.0101901359 0.001847180963 0.001847180963)
(0.01022089029 0.001847180963 0.001847180963)
(0.01025175889 0.001847180963 0.001847180963)
(0.01028274212 0.001847180963 0.001847180963)
(0.0103138404 0.001847180963 0.001847180963)
(0.01034505418 0.001847180963 0.001847180963)
(0.01037638386 0.001847180963 0.001847180963)
(0.01040782989 0.001847180963 0.001847180963)
(0.0104393927 0.001847180963 0.001847180963)
(0.01047107272 0.001847180963 0.001847180963)
(0.01050287038 0.001847180963 0.001847180963)
(0.01053478612 0.001847180963 0.001847180963)
(0.01056682039 0.001847180963 0.001847180963)
(0.01059897361 0.001847180963 0.001847180963)
(0.01063124624 0.001847180963 0.001847180963)
(0.01066363872 0.001847180963 0.001847180963)
(0.01069615148 0.001847180963 0.001847180963)
(0.01072878498 0.001847180963 0.001847180963)
(0.01076153967 0.001847180963 0.001847180963)
(0.010794416 0.001847180963 0.001847180963)
(0.01082741441 0.001847180963 0.001847180963)
(0.01086053536 0.001847180963 0.001847180963)
(0.01089377931 0.001847180963 0.001847180963)
(0.01092714672 0.001847180963 0.001847180963)
(0.01096063803 0.001847180963 0.001847180963)
(0.01099425372 0.001847180963 0.001847180963)
(0.01102799424 0.001847180963 0.001847180963)
(0.01106186005 0.001847180963 0.001847180963)
(0.01109585163 0.001847180963 0.001847180963)
(0.01112996944 0.001847180963 0.001847180963)
(0.01116421395 0.001847180963 0.001847180963)
(0.01119858562 0.001847180963 0.001847180963)
(0.01123308494 0.001847180963 0.001847180963)
(0.01126771237 0.001847180963 0.001847180963)
(0.01130246839 0.001847180963 0.001847180963)
(0.01133735348 0.001847180963 0.001847180963)
(0.01137236811 0.001847180963 0.001847180963)
(0.01140751278 0.001847180963 0.001847180963)
(0.01144278796 0.001847180963 0.001847180963)
(0.01147819413 0.001847180963 0.001847180963)
(0.01151373178 0.001847180963 0.001847180963)
(0.01154940141 0.001847180963 0.001847180963)
(0.0115852035 0.001847180963 0.001847180963)
(0.01162113854 0.001847180963 0.001847180963)
(0.01165720702 0.001847180963 0.001847180963)
(0.01169340945 0.001847180963 0.001847180963)
(0.01172974632 0.001847180963 0.001847180963)
(0.01176621812 0.001847180963 0.001847180963)
(0.01180282537 0.001847180963 0.001847180963)
(0.01183956856 0.001847180963 0.001847180963)
(0.0118764482 0.001847180963 0.001847180963)
(0.01191346479 0.001847180963 0.001847180963)
(0.01195061884 0.001847180963 0.001847180963)
(0.01198791087 0.001847180963 0.001847180963)
(0.01202534138 0.001847180963 0.001847180963)
(0.01206291089 0.001847180963 0.001847180963)
(0.01210061992 0.001847180963 0.001847180963)
(0.01213846898 0.001847180963 0.001847180963)
(0.0121764586 0.001847180963 0.001847180963)
(0.01221458929 0.001847180963 0.001847180963)
(0.01225286159 0.001847180963 0.001847180963)
(0.01229127601 0.001847180963 0.001847180963)
(0.01232983308 0.001847180963 0.001847180963)
(0.01236853334 0.001847180963 0.001847180963)
(0.01240737731 0.001847180963 0.001847180963)
(0.01244636553 0.001847180963 0.001847180963)
(0.01248549854 0.001847180963 0.001847180963)
(0.01252477687 0.001847180963 0.001847180963)
(0.01256420106 0.001847180963 0.001847180963)
(0.01260377165 0.001847180963 0.001847180963)
(0.01264348919 0.001847180963 0.001847180963)
(0.01268335422 0.001847180963 0.001847180963)
(0.0127233673 0.001847180963 0.001847180963)
(0.01276352896 0.001847180963 0.001847180963)
(0.01280383977 0.001847180963 0.001847180963)
(0.01284430027 0.001847180963 0.001847180963)
(0.01288491103 0.001847180963 0.001847180963)
(0.0129256726 0.001847180963 0.001847180963)
(0.01296658553 0.001847180963 0.001847180963)
(0.0130076504 0.001847180963 0.001847180963)
(0.01304886776 0.001847180963 0.001847180963)
(0.01309023819 0.001847180963 0.001847180963)
(0.01313176225 0.001847180963 0.001847180963)
(0.01317344051 0.001847180963 0.001847180963)
(0.01321527354 0.001847180963 0.001847180963)
(0.01325726192 0.001847180963 0.001847180963)
(0.01329940623 0.001847180963 0.001847180963)
(0.01334170704 0.001847180963 0.001847180963)
(0.01338416494 0.001847180963 0.001847180963)
(0.01342678051 0.001847180963 0.001847180963)
(0.01346955433 0.001847180963 0.001847180963)
(0.013512487 0.001847180963 0.001847180963)
(0.0135555791 0.001847180963 0.001847180963)
(0.01359883122 0.001847180963 0.001847180963)
(0.01364224396 0.001847180963 0.001847180963)
(0.01368581792 0.001847180963 0.001847180963)
(0.01372955369 0.001847180963 0.001847180963)
(0.01377345188 0.001847180963 0.001847180963)
(0.01381751308 0.001847180963 0.001847180963)
(0.01386173791 0.001847180963 0.001847180963)
(0.01390612697 0.001847180963 0.001847180963)
(0.01395068087 0.001847180963 0.001847180963)
(0.01399540022 0.001847180963 0.001847180963)
(0.01404028564 0.001847180963 0.001847180963)
(0.01408533775 0.001847180963 0.001847180963)
(0.01413055715 0.001847180963 0.001847180963)
(0.01417594448 0.001847180963 0.001847180963)
(0.01422150036 0.001847180963 0.001847180963)
(0.01426722542 0.001847180963 0.001847180963)
(0.01431312027 0.001847180963 0.001847180963)
(0.01435918556 0.001847180963 0.001847180963)
(0.01440542192 0.001847180963 0.001847180963)
(0.01445182997 0.001847180963 0.001847180963)
(0.01449841036 0.001847180963 0.001847180963)
(0.01454516374 0.001847180963 0.001847180963)
(0.01459209073 0.001847180963 0.001847180963)
(0.01463919199 0.001847180963 0.001847180963)
(0.01468646816 0.001847180963 0.001847180963)
(0.01473391989 0.001847180963 0.001847180963)
(0.01478154784 0.001847180963 0.001847180963)
(0.01482935266 0.001847180963 0.001847180963)
(0.014877335 0.001847180963 0.001847180963)
(0.01492549553 0.001847180963 0.001847180963)
(0.0149738349 0.001847180963 0.001847180963)
(0.01502235378 0.001847180963 0.001847180963)
(0.01507105284 0.001847180963 0.001847180963)
(0.01511993275 0.001847180963 0.001847180963)
(0.01516899417 0.001847180963 0.001847180963)
(0.01521823779 0.001847180963 0.001847180963)
(0.01526766428 0.001847180963 0.001847180963)
(0.01531727431 0.001847180963 0.001847180963)
(0.01536706857 0.001847180963 0.001847180963)
(0.01541704775 0.001847180963 0.001847180963)
(0.01546721252 0.001847180963 0.001847180963)
(0.01551756359 0.001847180963 0.001847180963)
(0.01556810163 0.001847180963 0.001847180963)
(0.01561882736 0.001847180963 0.001847180963)
(0.01566974145 0.001847180963 0.001847180963)
(0.01572084462 0.001847180963 0.001847180963)
(0.01577213756 0.001847180963 0.001847180963)
(0.01582362097 0.001847180963 0.001847180963)
(0.01587529558 0.001847180963 0.001847180963)
(0.01592716208 0.001847180963 0.001847180963)
(0.01597922119 0.001847180963 0.001847180963)
(0.01603147362 0.001847180963 0.001847180963)
(0.0160839201 0.001847180963 0.001847180963)
(0.01613656134 0.001847180963 0.001847180963)
(0.01618939806 0.001847180963 0.001847180963)
(0.016242431 0.001847180963 0.001847180963)
(0.01629566087 0.001847180963 0.001847180963)
(0.01634908842 0.001847180963 0.001847180963)
(0.01640271437 0.001847180963 0.001847180963)
(0.01645653947 0.001847180963 0.001847180963)
(0.01651056444 0.001847180963 0.001847180963)
(0.01656479005 0.001847180963 0.001847180963)
(0.01661921702 0.001847180963 0.001847180963)
(0.01667384611 0.001847180963 0.001847180963)
(0.01672867806 0.001847180963 0.001847180963)
(0.01678371364 0.001847180963 0.001847180963)
(0.01683895359 0.001847180963 0.001847180963)
(0.01689439869 0.001847180963 0.001847180963)
(0.01695004967 0.001847180963 0.001847180963)
(0.01700590733 0.001847180963 0.001847180963)
(0.01706197241 0.001847180963 0.001847180963)
(0.01711824569 0.001847180963 0.001847180963)
(0.01717472794 0.001847180963 0.001847180963)
(0.01723141995 0.001847180963 0.001847180963)
(0.01728832248 0.001847180963 0.001847180963)
(0.01734543632 0.001847180963 0.001847180963)
(0.01740276226 0.001847180963 0.001847180963)
(0.01746030108 0.001847180963 0.001847180963)
(0.01751805358 0.001847180963 0.001847180963)
(0.01757602054 0.001847180963 0.001847180963)
(0.01763420276 0.001847180963 0.001847180963)
(0.01769260105 0.001847180963 0.001847180963)
(0.0177512162 0.001847180963 0.001847180963)
(0.01781004902 0.001847180963 0.001847180963)
(0.01786910032 0.001847180963 0.001847180963)
(0.01792837091 0.001847180963 0.001847180963)
(0.01798786161 0.001847180963 0.001847180963)
(0.01804757322 0.001847180963 0.001847180963)
(0.01810750658 0.001847180963 0.001847180963)
(0.0181676625 0.001847180963 0.001847180963)
(0.01822804182 0.001847180963 0.001847180963)
(0.01828864535 0.001847180963 0.001847180963)
(0.01834947394 0.001847180963 0.001847180963)
(0.01841052842 0.001847180963 0.001847180963)
(0.01847180963 0.001847180963 0.001847180963)
(0 0.001847180963 0)
(3.256248492e-05 0.001847180963 0)
(6.512496985e-05 0.001847180963 0)
(9.768745477e-05 0.001847180963 0)
(0.0001302499397 0.001847180963 0)
(0.0001628124246 0.001847180963 0)
(0.0001953749095 0.001847180963 0)
(0.0002279373945 0.001847180963 0)
(0.0002604998794 0.001847180963 0)
(0.0002930623643 0.001847180963 0)
(0.0003256248492 0.001847180963 0)
(0.0003581873342 0.001847180963 0)
(0.0003907498191 0.001847180963 0)
(0.000423312304 0.001847180963 0)
(0.0004558747889 0.001847180963 0)
(0.0004884372739 0.001847180963 0)
(0.0005209997588 0.001847180963 0)
(0.0005535622437 0.001847180963 0)
(0.0005861247286 0.001847180963 0)
(0.0006186872136 0.001847180963 0)
(0.0006512496985 0.001847180963 0)
(0.0006838121834 0.001847180963 0)
(0.0007163746683 0.001847180963 0)
(0.0007489371533 0.001847180963 0)
(0.0007814996382 0.001847180963 0)
(0.0008140621231 0.001847180963 0)
(0.000846624608 0.001847180963 0)
(0.000879187093 0.001847180963 0)
(0.0009117495779 0.001847180963 0)
(0.0009443120628 0.001847180963 0)
(0.0009768745477 0.001847180963 0)
(0.001009437033 0.001847180963 0)
(0.001041999518 0.001847180963 0)
(0.001074562003 0.001847180963 0)
(0.001107124487 0.001847180963 0)
(0.001139686972 0.001847180963 0)
(0.001172249457 0.001847180963 0)
(0.001204811942 0.001847180963 0)
(0.001237374427 0.001847180963 0)
(0.001269936912 0.001847180963 0)
(0.001302499397 0.001847180963 0)
(0.001335061882 0.001847180963 0)
(0.001367624367 0.001847180963 0)
(0.001400186852 0.001847180963 0)
(0.001432749337 0.001847180963 0)
(0.001465311822 0.001847180963 0)
(0.001497874307 0.001847180963 0)
(0.001530436791 0.001847180963 0)
(0.001562999276 0.001847180963 0)
(0.001595561761 0.001847180963 0)
(0.001628124246 0.001847180963 0)
(0.001660686731 0.001847180963 0)
(0.001693249216 0.001847180963 0)
(0.001725811701 0.001847180963 0)
(0.001758374186 0.001847180963 0)
(0.001790936671 0.001847180963 0)
(0.001823499156 0.001847180963 0)
(0.001856061641 0.001847180963 0)
(0.001888624126 0.001847180963 0)
(0.001921186611 0.001847180963 0)
(0.001953749095 0.001847180963 0)
(0.00198631158 0.001847180963 0)
(0.002018874065 0.001847180963 0)
(0.00205143655 0.001847180963 0)
(0.002083999035 0.001847180963 0)
(0.00211656152 0.001847180963 0)
(0.002149124005 0.001847180963 0)
(0.00218168649 0.001847180963 0)
(0.002214248975 0.001847180963 0)
(0.00224681146 0.001847180963 0)
(0.002279373945 0.001847180963 0)
(0.00231193643 0.001847180963 0)
(0.002344498915 0.001847180963 0)
(0.0023770614 0.001847180963 0)
(0.002409623884 0.001847180963 0)
(0.002442186369 0.001847180963 0)
(0.002474748854 0.001847180963 0)
(0.002507311339 0.001847180963 0)
(0.002539873824 0.001847180963 0)
(0.002572436309 0.001847180963 0)
(0.002604998794 0.001847180963 0)
(0.002637561279 0.001847180963 0)
(0.002670123764 0.001847180963 0)
(0.002702686249 0.001847180963 0)
(0.002735248734 0.001847180963 0)
(0.002767811219 0.001847180963 0)
(0.002800373704 0.001847180963 0)
(0.002832936188 0.001847180963 0)
(0.002865498673 0.001847180963 0)
(0.002898061158 0.001847180963 0)
(0.002930623643 0.001847180963 0)
(0.002963186128 0.001847180963 0)
(0.002995748613 0.001847180963 0)
(0.003028311098 0.001847180963 0)
(0.003060873583 0.001847180963 0)
(0.003093436068 0.001847180963 0)
(0.003125998553 0.001847180963 0)
(0.003158561038 0.001847180963 0)
(0.003191123523 0.001847180963 0)
(0.003223686008 0.001847180963 0)
(0.003256248492 0.001847180963 0)
(0.003288810977 0.001847180963 0)
(0.003321373462 0.001847180963 0)
(0.003353935947 0.001847180963 0)
(0.003386498432 0.001847180963 0)
(0.003419060917 0.001847180963 0)
(0.003451623402 0.001847180963 0)
(0.003484185887 0.001847180963 0)
(0.003516748372 0.001847180963 0)
(0.003549310857 0.001847180963 0)
(0.003581873342 0.001847180963 0)
(0.003614435827 0.001847180963 0)
(0.003646998312 0.001847180963 0)
(0.003679560797 0.001847180963 0)
(0.003712123281 0.001847180963 0)
(0.003744685766 0.001847180963 0)
(0.003777248251 0.001847180963 0)
(0.003809810736 0.001847180963 0)
(0.003842373221 0.001847180963 0)
(0.003874935706 0.001847180963 0)
(0.003907498191 0.001847180963 0)
(0.003940060676 0.001847180963 0)
(0.003972623161 0.001847180963 0)
(0.004005185646 0.001847180963 0)
(0.004037748131 0.001847180963 0)
(0.004070310616 0.001847180963 0)
(0.004102873101 0.001847180963 0)
(0.004135435585 0.001847180963 0)
(0.00416799807 0.001847180963 0)
(0.004200560555 0.001847180963 0)
(0.00423312304 0.001847180963 0)
(0.004265685525 0.001847180963 0)
(0.00429824801 0.001847180963 0)
(0.004330810495 0.001847180963 0)
(0.00436337298 0.001847180963 0)
(0.004395935465 0.001847180963 0)
(0.00442849795 0.001847180963 0)
(0.004461060435 0.001847180963 0)
(0.00449362292 0.001847180963 0)
(0.004526185405 0.001847180963 0)
(0.004558747889 0.001847180963 0)
(0.004591310374 0.001847180963 0)
(0.004623872859 0.001847180963 0)
(0.004656435344 0.001847180963 0)
(0.004688997829 0.001847180963 0)
(0.004721560314 0.001847180963 0)
(0.004754122799 0.001847180963 0)
(0.004786685284 0.001847180963 0)
(0.004819247769 0.001847180963 0)
(0.004851810254 0.001847180963 0)
(0.004884372739 0.001847180963 0)
(0.004916935224 0.001847180963 0)
(0.004949497709 0.001847180963 0)
(0.004982060193 0.001847180963 0)
(0.005014622678 0.001847180963 0)
(0.005047185163 0.001847180963 0)
(0.005079747648 0.001847180963 0)
(0.005112310133 0.001847180963 0)
(0.005144872618 0.001847180963 0)
(0.005177435103 0.001847180963 0)
(0.005209997588 0.001847180963 0)
(0.005242560073 0.001847180963 0)
(0.005275122558 0.001847180963 0)
(0.005307685043 0.001847180963 0)
(0.005340247528 0.001847180963 0)
(0.005372810013 0.001847180963 0)
(0.005405372498 0.001847180963 0)
(0.005437934982 0.001847180963 0)
(0.005470497467 0.001847180963 0)
(0.005503059952 0.001847180963 0)
(0.005535622437 0.001847180963 0)
(0.005568184922 0.001847180963 0)
(0.005600747407 0.001847180963 0)
(0.005633309892 0.001847180963 0)
(0.005665872377 0.001847180963 0)
(0.005698434862 0.001847180963 0)
(0.005730997347 0.001847180963 0)
(0.005763559832 0.001847180963 0)
(0.005796122317 0.001847180963 0)
(0.005828684802 0.001847180963 0)
(0.005861247286 0.001847180963 0)
(0.005893809771 0.001847180963 0)
(0.005926372256 0.001847180963 0)
(0.005958934741 0.001847180963 0)
(0.005991497226 0.001847180963 0)
(0.006024059711 0.001847180963 0)
(0.006056622196 0.001847180963 0)
(0.006089184681 0.001847180963 0)
(0.006121747166 0.001847180963 0)
(0.006154309651 0.001847180963 0)
(0.006186872136 0.001847180963 0)
(0.006219434621 0.001847180963 0)
(0.006251997106 0.001847180963 0)
(0.00628455959 0.001847180963 0)
(0.006317122075 0.001847180963 0)
(0.00634968456 0.001847180963 0)
(0.006382247045 0.001847180963 0)
(0.00641480953 0.001847180963 0)
(0.006447372015 0.001847180963 0)
(0.0064799345 0.001847180963 0)
(0.006512496985 0.001847180963 0)
(0.00654505947 0.001847180963 0)
(0.006577621955 0.001847180963 0)
(0.00661018444 0.001847180963 0)
(0.006642746925 0.001847180963 0)
(0.00667530941 0.001847180963 0)
(0.006707871895 0.001847180963 0)
(0.006740434379 0.001847180963 0)
(0.006772996864 0.001847180963 0)
(0.006805559349 0.001847180963 0)
(0.006838121834 0.001847180963 0)
(0.006870684319 0.001847180963 0)
(0.006903246804 0.001847180963 0)
(0.006935809289 0.001847180963 0)
(0.006968371774 0.001847180963 0)
(0.007000934259 0.001847180963 0)
(0.007033496744 0.001847180963 0)
(0.007066059229 0.001847180963 0)
(0.007098621714 0.001847180963 0)
(0.007131184199 0.001847180963 0)
(0.007163746683 0.001847180963 0)
(0.007196309168 0.001847180963 0)
(0.007228871653 0.001847180963 0)
(0.007261434138 0.001847180963 0)
(0.007293996623 0.001847180963 0)
(0.007326559108 0.001847180963 0)
(0.007359121593 0.001847180963 0)
(0.007391684078 0.001847180963 0)
(0.007424246563 0.001847180963 0)
(0.007456809048 0.001847180963 0)
(0.007489371533 0.001847180963 0)
(0.007521934018 0.001847180963 0)
(0.007554496503 0.001847180963 0)
(0.007587058987 0.001847180963 0)
(0.007619621472 0.001847180963 0)
(0.007652183957 0.001847180963 0)
(0.007684746442 0.001847180963 0)
(0.007717308927 0.001847180963 0)
(0.007749871412 0.001847180963 0)
(0.007782433897 0.001847180963 0)
(0.007814996382 0.001847180963 0)
(0.007847558867 0.001847180963 0)
(0.007880121352 0.001847180963 0)
(0.007912683837 0.001847180963 0)
(0.007945246322 0.001847180963 0)
(0.007977808807 0.001847180963 0)
(0.008010371291 0.001847180963 0)
(0.008042933776 0.001847180963 0)
(0.008075496261 0.001847180963 0)
(0.008108058746 0.001847180963 0)
(0.008140621231 0.001847180963 0)
(0.008173183716 0.001847180963 0)
(0.008205746201 0.001847180963 0)
(0.008238308686 0.001847180963 0)
(0.008270871171 0.001847180963 0)
(0.008303433656 0.001847180963 0)
(0.008335996141 0.001847180963 0)
(0.008368558626 0.001847180963 0)
(0.008401121111 0.001847180963 0)
(0.008433683596 0.001847180963 0)
(0.00846624608 0.001847180963 0)
(0.008498808565 0.001847180963 0)
(0.00853137105 0.001847180963 0)
(0.008563933535 0.001847180963 0)
(0.00859649602 0.001847180963 0)
(0.008629058505 0.001847180963 0)
(0.00866162099 0.001847180963 0)
(0.008694183475 0.001847180963 0)
(0.00872674596 0.001847180963 0)
(0.008759308445 0.001847180963 0)
(0.00879187093 0.001847180963 0)
(0.008824433415 0.001847180963 0)
(0.0088569959 0.001847180963 0)
(0.008889558384 0.001847180963 0)
(0.008922120869 0.001847180963 0)
(0.008954683354 0.001847180963 0)
(0.008987245839 0.001847180963 0)
(0.009019808324 0.001847180963 0)
(0.009052370809 0.001847180963 0)
(0.009084933294 0.001847180963 0)
(0.009117495779 0.001847180963 0)
(0.009150058264 0.001847180963 0)
(0.009182620749 0.001847180963 0)
(0.009215183234 0.001847180963 0)
(0.009247745719 0.001847180963 0)
(0.009280308204 0.001847180963 0)
(0.009312870688 0.001847180963 0)
(0.009345433173 0.001847180963 0)
(0.009377995658 0.001847180963 0)
(0.009410558143 0.001847180963 0)
(0.009443120628 0.001847180963 0)
(0.009475683113 0.001847180963 0)
(0.009508245598 0.001847180963 0)
(0.009540808083 0.001847180963 0)
(0.009573370568 0.001847180963 0)
(0.009605933053 0.001847180963 0)
(0.009638495538 0.001847180963 0)
(0.009671058023 0.001847180963 0)
(0.009703620508 0.001847180963 0)
(0.009736182993 0.001847180963 0)
(0.009768745477 0.001847180963 0)
(0.009801307962 0.001847180963 0)
(0.009833870447 0.001847180963 0)
(0.009866432932 0.001847180963 0)
(0.009898995417 0.001847180963 0)
(0.009931557902 0.001847180963 0)
(0.009964120387 0.001847180963 0)
(0.009996682872 0.001847180963 0)
(0.01002924536 0.001847180963 0)
(0.01006180784 0.001847180963 0)
(0.01009437033 0.001847180963 0)
(0.01012693281 0.001847180963 0)
(0.0101594953 0.001847180963 0)
(0.0101901359 0.001847180963 0)
(0.01022089029 0.001847180963 0)
(0.01025175889 0.001847180963 0)
(0.01028274212 0.001847180963 0)
(0.0103138404 0.001847180963 0)
(0.01034505418 0.001847180963 0)
(0.01037638386 0.001847180963 0)
(0.01040782989 0.001847180963 0)
(0.0104393927 0.001847180963 0)
(0.01047107272 0.001847180963 0)
(0.01050287038 0.001847180963 0)
(0.01053478612 0.001847180963 0)
(0.01056682039 0.001847180963 0)
(0.01059897361 0.001847180963 0)
(0.01063124624 0.001847180963 0)
(0.01066363872 0.001847180963 0)
(0.01069615148 0.001847180963 0)
(0.01072878498 0.001847180963 0)
(0.01076153967 0.001847180963 0)
(0.010794416 0.001847180963 0)
(0.01082741441 0.001847180963 0)
(0.01086053536 0.001847180963 0)
(0.01089377931 0.001847180963 0)
(0.01092714672 0.001847180963 0)
(0.01096063803 0.001847180963 0)
(0.01099425372 0.001847180963 0)
(0.01102799424 0.001847180963 0)
(0.01106186005 0.001847180963 0)
(0.01109585163 0.001847180963 0)
(0.01112996944 0.001847180963 0)
(0.01116421395 0.001847180963 0)
(0.01119858562 0.001847180963 0)
(0.01123308494 0.001847180963 0)
(0.01126771237 0.001847180963 0)
(0.01130246839 0.001847180963 0)
(0.01133735348 0.001847180963 0)
(0.01137236811 0.001847180963 0)
(0.01140751278 0.001847180963 0)
(0.01144278796 0.001847180963 0)
(0.01147819413 0.001847180963 0)
(0.01151373178 0.001847180963 0)
(0.01154940141 0.001847180963 0)
(0.0115852035 0.001847180963 0)
(0.01162113854 0.001847180963 0)
(0.01165720702 0.001847180963 0)
(0.01169340945 0.001847180963 0)
(0.01172974632 0.001847180963 0)
(0.01176621812 0.001847180963 0)
(0.01180282537 0.001847180963 0)
(0.01183956856 0.001847180963 0)
(0.0118764482 0.001847180963 0)
(0.01191346479 0.001847180963 0)
(0.01195061884 0.001847180963 0)
(0.01198791087 0.001847180963 0)
(0.01202534138 0.001847180963 0)
(0.01206291089 0.001847180963 0)
(0.01210061992 0.001847180963 0)
(0.01213846898 0.001847180963 0)
(0.0121764586 0.001847180963 0)
(0.01221458929 0.001847180963 0)
(0.01225286159 0.001847180963 0)
(0.01229127601 0.001847180963 0)
(0.01232983308 0.001847180963 0)
(0.01236853334 0.001847180963 0)
(0.01240737731 0.001847180963 0)
(0.01244636553 0.001847180963 0)
(0.01248549854 0.001847180963 0)
(0.01252477687 0.001847180963 0)
(0.01256420106 0.001847180963 0)
(0.01260377165 0.001847180963 0)
(0.01264348919 0.001847180963 0)
(0.01268335422 0.001847180963 0)
(0.0127233673 0.001847180963 0)
(0.01276352896 0.001847180963 0)
(0.01280383977 0.001847180963 0)
(0.01284430027 0.001847180963 0)
(0.01288491103 0.001847180963 0)
(0.0129256726 0.001847180963 0)
(0.01296658553 0.001847180963 0)
(0.0130076504 0.001847180963 0)
(0.01304886776 0.001847180963 0)
(0.01309023819 0.001847180963 0)
(0.01313176225 0.001847180963 0)
(0.01317344051 0.001847180963 0)
(0.01321527354 0.001847180963 0)
(0.01325726192 0.001847180963 0)
(0.01329940623 0.001847180963 0)
(0.01334170704 0.001847180963 0)
(0.01338416494 0.001847180963 0)
(0.01342678051 0.001847180963 0)
(0.01346955433 0.001847180963 0)
(0.013512487 0.001847180963 0)
(0.0135555791 0.001847180963 0)
(0.01359883122 0.001847180963 0)
(0.01364224396 0.001847180963 0)
(0.01368581792 0.001847180963 0)
(0.01372955369 0.001847180963 0)
(0.01377345188 0.001847180963 0)
(0.01381751308 0.001847180963 0)
(0.01386173791 0.001847180963 0)
(0.01390612697 0.001847180963 0)
(0.01395068087 0.001847180963 0)
(0.01399540022 0.001847180963 0)
(0.01404028564 0.001847180963 0)
(0.01408533775 0.001847180963 0)
(0.01413055715 0.001847180963 0)
(0.01417594448 0.001847180963 0)
(0.01422150036 0.001847180963 0)
(0.01426722542 0.001847180963 0)
(0.01431312027 0.001847180963 0)
(0.01435918556 0.001847180963 0)
(0.01440542192 0.001847180963 0)
(0.01445182997 0.001847180963 0)
(0.01449841036 0.001847180963 0)
(0.01454516374 0.001847180963 0)
(0.01459209073 0.001847180963 0)
(0.01463919199 0.001847180963 0)
(0.01468646816 0.001847180963 0)
(0.01473391989 0.001847180963 0)
(0.01478154784 0.001847180963 0)
(0.01482935266 0.001847180963 0)
(0.014877335 0.001847180963 0)
(0.01492549553 0.001847180963 0)
(0.0149738349 0.001847180963 0)
(0.01502235378 0.001847180963 0)
(0.01507105284 0.001847180963 0)
(0.01511993275 0.001847180963 0)
(0.01516899417 0.001847180963 0)
(0.01521823779 0.001847180963 0)
(0.01526766428 0.001847180963 0)
(0.01531727431 0.001847180963 0)
(0.01536706857 0.001847180963 0)
(0.01541704775 0.001847180963 0)
(0.01546721252 0.001847180963 0)
(0.01551756359 0.001847180963 0)
(0.01556810163 0.001847180963 0)
(0.01561882736 0.001847180963 0)
(0.01566974145 0.001847180963 0)
(0.01572084462 0.001847180963 0)
(0.01577213756 0.001847180963 0)
(0.01582362097 0.001847180963 0)
(0.01587529558 0.001847180963 0)
(0.01592716208 0.001847180963 0)
(0.01597922119 0.001847180963 0)
(0.01603147362 0.001847180963 0)
(0.0160839201 0.001847180963 0)
(0.01613656134 0.001847180963 0)
(0.01618939806 0.001847180963 0)
(0.016242431 0.001847180963 0)
(0.01629566087 0.001847180963 0)
(0.01634908842 0.001847180963 0)
(0.01640271437 0.001847180963 0)
(0.01645653947 0.001847180963 0)
(0.01651056444 0.001847180963 0)
(0.01656479005 0.001847180963 0)
(0.01661921702 0.001847180963 0)
(0.01667384611 0.001847180963 0)
(0.01672867806 0.001847180963 0)
(0.01678371364 0.001847180963 0)
(0.01683895359 0.001847180963 0)
(0.01689439869 0.001847180963 0)
(0.01695004967 0.001847180963 0)
(0.01700590733 0.001847180963 0)
(0.01706197241 0.001847180963 0)
(0.01711824569 0.001847180963 0)
(0.01717472794 0.001847180963 0)
(0.01723141995 0.001847180963 0)
(0.01728832248 0.001847180963 0)
(0.01734543632 0.001847180963 0)
(0.01740276226 0.001847180963 0)
(0.01746030108 0.001847180963 0)
(0.01751805358 0.001847180963 0)
(0.01757602054 0.001847180963 0)
(0.01763420276 0.001847180963 0)
(0.01769260105 0.001847180963 0)
(0.0177512162 0.001847180963 0)
(0.01781004902 0.001847180963 0)
(0.01786910032 0.001847180963 0)
(0.01792837091 0.001847180963 0)
(0.01798786161 0.001847180963 0)
(0.01804757322 0.001847180963 0)
(0.01810750658 0.001847180963 0)
(0.0181676625 0.001847180963 0)
(0.01822804182 0.001847180963 0)
(0.01828864535 0.001847180963 0)
(0.01834947394 0.001847180963 0)
(0.01841052842 0.001847180963 0)
(0.01847180963 0.001847180963 0)
)


// ************************************************************************* //
