/*--------------------------------*- C++ -*----------------------------------*\
  =========                 |
  \\      /  F ield         | OpenFOAM: The Open Source CFD Toolbox
   \\    /   O peration     | Website:  https://openfoam.org
    \\  /    A nd           | Version:  7
     \\/     M anipulation  |
\*---------------------------------------------------------------------------*/
FoamFile
{
    version     2.0;
    format      ascii;
    class       volVectorField;
    location    "0.00031";
    object      U;
}
// * * * * * * * * * * * * * * * * * * * * * * * * * * * * * * * * * * * * * //

dimensions      [0 1 -1 0 0 0 0];

internalField   nonuniform List<vector> 
124
(
(15.739 0 0)
(15.7496 0 0)
(15.76 0 0)
(15.7703 0 0)
(15.7805 0 0)
(15.7906 0 0)
(15.8006 0 0)
(15.8106 0 0)
(15.8204 0 0)
(15.8301 0 0)
(15.8398 0 0)
(15.8494 0 0)
(15.8588 0 0)
(15.8682 0 0)
(15.8775 0 0)
(15.8867 0 0)
(15.8957 0 0)
(15.9046 0 0)
(15.9134 0 0)
(15.922 0 0)
(15.9305 0 0)
(15.9388 0 0)
(15.9469 0 0)
(15.9548 0 0)
(15.9626 0 0)
(15.97 0 0)
(15.9773 0 0)
(15.9843 0 0)
(15.991 0 0)
(15.9974 0 0)
(16.0035 0 0)
(16.0094 0 0)
(16.0149 0 0)
(16.0201 0 0)
(16.025 0 0)
(16.0295 0 0)
(16.0337 0 0)
(16.0376 0 0)
(16.0412 0 0)
(16.0444 0 0)
(16.0472 0 0)
(16.0498 0 0)
(16.0521 0 0)
(16.054 0 0)
(16.0557 0 0)
(16.0571 0 0)
(16.0583 0 0)
(16.0592 0 0)
(16.0599 0 0)
(16.0604 0 0)
(16.0607 0 0)
(16.0609 0 0)
(16.0609 0 0)
(16.0608 0 0)
(16.0606 0 0)
(16.0604 0 0)
(16.06 0 0)
(16.0597 0 0)
(16.0593 0 0)
(16.0588 0 0)
(16.0584 0 0)
(16.058 0 0)
(16.0577 0 0)
(16.0573 0 0)
(16.057 0 0)
(16.0568 0 0)
(16.0566 0 0)
(16.0565 0 0)
(16.0565 0 0)
(16.0565 0 0)
(16.0566 0 0)
(16.0567 0 0)
(16.0569 0 0)
(16.0572 0 0)
(16.0575 0 0)
(16.0579 0 0)
(16.0583 0 0)
(16.0587 0 0)
(16.0592 0 0)
(16.0598 0 0)
(16.0603 0 0)
(16.0609 0 0)
(16.0615 0 0)
(16.0621 0 0)
(16.0627 0 0)
(16.0633 0 0)
(16.0639 0 0)
(16.0645 0 0)
(16.0651 0 0)
(16.0656 0 0)
(16.0662 0 0)
(16.0667 0 0)
(16.0672 0 0)
(16.0676 0 0)
(16.0681 0 0)
(16.0685 0 0)
(16.0689 0 0)
(16.0692 0 0)
(16.0695 0 0)
(16.0698 0 0)
(16.0701 0 0)
(16.0703 0 0)
(16.0705 0 0)
(16.0707 0 0)
(16.0708 0 0)
(16.071 0 0)
(16.071 0 0)
(16.0711 0 0)
(16.0712 0 0)
(16.0712 0 0)
(16.0712 0 0)
(16.0712 0 0)
(16.0711 0 0)
(16.0711 0 0)
(16.071 0 0)
(16.0709 0 0)
(16.0708 0 0)
(16.0707 0 0)
(16.0706 0 0)
(16.0704 0 0)
(16.0703 0 0)
(16.0702 0 0)
(16.07 0 0)
(16.0699 0 0)
)
;

boundaryField
{
    boundary
    {
        type            empty;
    }
    inlet
    {
        type            fixedValue;
        value           nonuniform 0();
    }
    outlet
    {
        type            zeroGradient;
    }
    procBoundary0to1
    {
        type            processor;
        value           uniform (15.7284 0 0);
    }
}


// ************************************************************************* //
