/*--------------------------------*- C++ -*----------------------------------*\
  =========                 |
  \\      /  F ield         | OpenFOAM: The Open Source CFD Toolbox
   \\    /   O peration     | Website:  https://openfoam.org
    \\  /    A nd           | Version:  7
     \\/     M anipulation  |
\*---------------------------------------------------------------------------*/
FoamFile
{
    version     2.0;
    format      ascii;
    class       volVectorField;
    location    "0.00019";
    object      U;
}
// * * * * * * * * * * * * * * * * * * * * * * * * * * * * * * * * * * * * * //

dimensions      [0 1 -1 0 0 0 0];

internalField   nonuniform List<vector> 
124
(
(15.5934 0 0)
(15.5933 0 0)
(15.5928 0 0)
(15.5922 0 0)
(15.5912 0 0)
(15.5901 0 0)
(15.5889 0 0)
(15.5875 0 0)
(15.5862 0 0)
(15.5848 0 0)
(15.5835 0 0)
(15.5822 0 0)
(15.5809 0 0)
(15.5798 0 0)
(15.5788 0 0)
(15.5779 0 0)
(15.5772 0 0)
(15.5766 0 0)
(15.5762 0 0)
(15.5759 0 0)
(15.5757 0 0)
(15.5757 0 0)
(15.5759 0 0)
(15.5761 0 0)
(15.5765 0 0)
(15.577 0 0)
(15.5776 0 0)
(15.5783 0 0)
(15.579 0 0)
(15.5798 0 0)
(15.5807 0 0)
(15.5816 0 0)
(15.5825 0 0)
(15.5834 0 0)
(15.5843 0 0)
(15.5853 0 0)
(15.5862 0 0)
(15.5871 0 0)
(15.588 0 0)
(15.5888 0 0)
(15.5896 0 0)
(15.5904 0 0)
(15.5911 0 0)
(15.5918 0 0)
(15.5924 0 0)
(15.593 0 0)
(15.5936 0 0)
(15.594 0 0)
(15.5945 0 0)
(15.5949 0 0)
(15.5952 0 0)
(15.5955 0 0)
(15.5958 0 0)
(15.596 0 0)
(15.5961 0 0)
(15.5963 0 0)
(15.5964 0 0)
(15.5964 0 0)
(15.5964 0 0)
(15.5964 0 0)
(15.5964 0 0)
(15.5963 0 0)
(15.5962 0 0)
(15.5961 0 0)
(15.596 0 0)
(15.5958 0 0)
(15.5956 0 0)
(15.5954 0 0)
(15.5952 0 0)
(15.595 0 0)
(15.5948 0 0)
(15.5945 0 0)
(15.5943 0 0)
(15.594 0 0)
(15.5937 0 0)
(15.5934 0 0)
(15.5931 0 0)
(15.5928 0 0)
(15.5925 0 0)
(15.5922 0 0)
(15.5919 0 0)
(15.5916 0 0)
(15.5913 0 0)
(15.5909 0 0)
(15.5906 0 0)
(15.5903 0 0)
(15.5899 0 0)
(15.5896 0 0)
(15.5892 0 0)
(15.5889 0 0)
(15.5885 0 0)
(15.5882 0 0)
(15.5878 0 0)
(15.5875 0 0)
(15.5871 0 0)
(15.5867 0 0)
(15.5864 0 0)
(15.586 0 0)
(15.5856 0 0)
(15.5852 0 0)
(15.5849 0 0)
(15.5845 0 0)
(15.5841 0 0)
(15.5837 0 0)
(15.5833 0 0)
(15.5829 0 0)
(15.5825 0 0)
(15.5821 0 0)
(15.5817 0 0)
(15.5813 0 0)
(15.5809 0 0)
(15.5805 0 0)
(15.5801 0 0)
(15.5797 0 0)
(15.5793 0 0)
(15.5789 0 0)
(15.5785 0 0)
(15.578 0 0)
(15.5776 0 0)
(15.5772 0 0)
(15.5768 0 0)
(15.5763 0 0)
(15.5758 0 0)
(15.5752 0 0)
)
;

boundaryField
{
    boundary
    {
        type            empty;
    }
    inlet
    {
        type            fixedValue;
        value           nonuniform 0();
    }
    outlet
    {
        type            zeroGradient;
    }
    procBoundary0to1
    {
        type            processor;
        value           uniform (15.5932 0 0);
    }
}


// ************************************************************************* //
