/*--------------------------------*- C++ -*----------------------------------*\
  =========                 |
  \\      /  F ield         | OpenFOAM: The Open Source CFD Toolbox
   \\    /   O peration     | Website:  https://openfoam.org
    \\  /    A nd           | Version:  7
     \\/     M anipulation  |
\*---------------------------------------------------------------------------*/
FoamFile
{
    version     2.0;
    format      ascii;
    class       volVectorField;
    location    "0.00076";
    object      U;
}
// * * * * * * * * * * * * * * * * * * * * * * * * * * * * * * * * * * * * * //

dimensions      [0 1 -1 0 0 0 0];

internalField   nonuniform List<vector> 
126
(
(2.34486 0 0)
(2.34483 0 0)
(2.3448 0 0)
(2.34477 0 0)
(2.34474 0 0)
(2.34471 0 0)
(2.34468 0 0)
(2.34465 0 0)
(2.34462 0 0)
(2.34459 0 0)
(2.34456 0 0)
(2.34453 0 0)
(2.3445 0 0)
(2.34447 0 0)
(2.34444 0 0)
(2.34441 0 0)
(2.34438 0 0)
(2.34435 0 0)
(2.34432 0 0)
(2.34429 0 0)
(2.34426 0 0)
(2.34423 0 0)
(2.3442 0 0)
(2.34417 0 0)
(2.34414 0 0)
(2.34411 0 0)
(2.34408 0 0)
(2.34405 0 0)
(2.34402 0 0)
(2.34399 0 0)
(2.34396 0 0)
(2.34393 0 0)
(2.3439 0 0)
(2.34387 0 0)
(2.34384 0 0)
(2.34381 0 0)
(2.34378 0 0)
(2.34375 0 0)
(2.34373 0 0)
(2.3437 0 0)
(2.34367 0 0)
(2.34364 0 0)
(2.34361 0 0)
(2.34358 0 0)
(2.34355 0 0)
(2.34352 0 0)
(2.34349 0 0)
(2.34347 0 0)
(2.34344 0 0)
(2.34341 0 0)
(2.34338 0 0)
(2.34335 0 0)
(2.34332 0 0)
(2.3433 0 0)
(2.34327 0 0)
(2.34324 0 0)
(2.34321 0 0)
(2.34318 0 0)
(2.34315 0 0)
(2.34313 0 0)
(2.3431 0 0)
(2.34307 0 0)
(2.34304 0 0)
(2.34301 0 0)
(2.34299 0 0)
(2.34296 0 0)
(2.34293 0 0)
(2.3429 0 0)
(2.34288 0 0)
(2.34285 0 0)
(2.34282 0 0)
(2.34279 0 0)
(2.34277 0 0)
(2.34274 0 0)
(2.34271 0 0)
(2.34268 0 0)
(2.34266 0 0)
(2.34263 0 0)
(2.3426 0 0)
(2.34258 0 0)
(2.34255 0 0)
(2.34252 0 0)
(2.3425 0 0)
(2.34247 0 0)
(2.34244 0 0)
(2.34242 0 0)
(2.34239 0 0)
(2.34236 0 0)
(2.34234 0 0)
(2.34231 0 0)
(2.34228 0 0)
(2.34226 0 0)
(2.34223 0 0)
(2.3422 0 0)
(2.34218 0 0)
(2.34215 0 0)
(2.34213 0 0)
(2.3421 0 0)
(2.34208 0 0)
(2.34205 0 0)
(2.34202 0 0)
(2.342 0 0)
(2.34197 0 0)
(2.34195 0 0)
(2.34192 0 0)
(2.3419 0 0)
(2.34187 0 0)
(2.34184 0 0)
(2.34182 0 0)
(2.34179 0 0)
(2.34177 0 0)
(2.34174 0 0)
(2.34172 0 0)
(2.34169 0 0)
(2.34167 0 0)
(2.34164 0 0)
(2.34162 0 0)
(2.34159 0 0)
(2.34157 0 0)
(2.34155 0 0)
(2.34152 0 0)
(2.3415 0 0)
(2.34147 0 0)
(2.34145 0 0)
(2.34142 0 0)
(2.3414 0 0)
)
;

boundaryField
{
    boundary
    {
        type            empty;
    }
    inlet
    {
        type            fixedValue;
        value           nonuniform 0();
    }
    outlet
    {
        type            zeroGradient;
    }
    procBoundary3to1
    {
        type            processor;
        value           uniform (2.34137 0 0);
    }
    procBoundary3to2
    {
        type            processor;
        value           uniform (2.3449 0 0);
    }
}


// ************************************************************************* //
