/*--------------------------------*- C++ -*----------------------------------*\
  =========                 |
  \\      /  F ield         | OpenFOAM: The Open Source CFD Toolbox
   \\    /   O peration     | Website:  https://openfoam.org
    \\  /    A nd           | Version:  7
     \\/     M anipulation  |
\*---------------------------------------------------------------------------*/
FoamFile
{
    version     2.0;
    format      ascii;
    class       volVectorField;
    location    "0.001";
    object      U;
}
// * * * * * * * * * * * * * * * * * * * * * * * * * * * * * * * * * * * * * //

dimensions      [0 1 -1 0 0 0 0];

internalField   nonuniform List<vector> 
124
(
(15.7894 0 0)
(15.7994 0 0)
(15.8093 0 0)
(15.8191 0 0)
(15.8287 0 0)
(15.8382 0 0)
(15.8476 0 0)
(15.8568 0 0)
(15.866 0 0)
(15.875 0 0)
(15.8839 0 0)
(15.8927 0 0)
(15.9013 0 0)
(15.9099 0 0)
(15.9184 0 0)
(15.9267 0 0)
(15.935 0 0)
(15.9432 0 0)
(15.9512 0 0)
(15.9592 0 0)
(15.9671 0 0)
(15.9748 0 0)
(15.9825 0 0)
(15.9901 0 0)
(15.9977 0 0)
(16.0051 0 0)
(16.0124 0 0)
(16.0197 0 0)
(16.0269 0 0)
(16.034 0 0)
(16.041 0 0)
(16.048 0 0)
(16.0548 0 0)
(16.0616 0 0)
(16.0684 0 0)
(16.075 0 0)
(16.0816 0 0)
(16.0881 0 0)
(16.0946 0 0)
(16.1009 0 0)
(16.1073 0 0)
(16.1135 0 0)
(16.1197 0 0)
(16.1258 0 0)
(16.1319 0 0)
(16.1379 0 0)
(16.1438 0 0)
(16.1497 0 0)
(16.1555 0 0)
(16.1613 0 0)
(16.167 0 0)
(16.1726 0 0)
(16.1782 0 0)
(16.1837 0 0)
(16.1892 0 0)
(16.1947 0 0)
(16.2001 0 0)
(16.2054 0 0)
(16.2107 0 0)
(16.2159 0 0)
(16.2211 0 0)
(16.2262 0 0)
(16.2313 0 0)
(16.2363 0 0)
(16.2413 0 0)
(16.2463 0 0)
(16.2512 0 0)
(16.256 0 0)
(16.2608 0 0)
(16.2656 0 0)
(16.2703 0 0)
(16.275 0 0)
(16.2797 0 0)
(16.2843 0 0)
(16.2888 0 0)
(16.2933 0 0)
(16.2978 0 0)
(16.3023 0 0)
(16.3067 0 0)
(16.311 0 0)
(16.3154 0 0)
(16.3196 0 0)
(16.3239 0 0)
(16.3281 0 0)
(16.3323 0 0)
(16.3364 0 0)
(16.3405 0 0)
(16.3446 0 0)
(16.3486 0 0)
(16.3527 0 0)
(16.3566 0 0)
(16.3606 0 0)
(16.3645 0 0)
(16.3683 0 0)
(16.3722 0 0)
(16.376 0 0)
(16.3797 0 0)
(16.3835 0 0)
(16.3872 0 0)
(16.3909 0 0)
(16.3945 0 0)
(16.3982 0 0)
(16.4018 0 0)
(16.4053 0 0)
(16.4089 0 0)
(16.4124 0 0)
(16.4158 0 0)
(16.4193 0 0)
(16.4227 0 0)
(16.4261 0 0)
(16.4295 0 0)
(16.4329 0 0)
(16.4362 0 0)
(16.4395 0 0)
(16.4428 0 0)
(16.4461 0 0)
(16.4494 0 0)
(16.4527 0 0)
(16.456 0 0)
(16.4592 0 0)
(16.4625 0 0)
(16.4655 0 0)
(16.4682 0 0)
(16.4701 0 0)
)
;

boundaryField
{
    boundary
    {
        type            empty;
    }
    inlet
    {
        type            fixedValue;
        value           nonuniform 0();
    }
    outlet
    {
        type            zeroGradient;
    }
    procBoundary0to1
    {
        type            processor;
        value           uniform (15.7793 0 0);
    }
}


// ************************************************************************* //
