/*--------------------------------*- C++ -*----------------------------------*\
  =========                 |
  \\      /  F ield         | OpenFOAM: The Open Source CFD Toolbox
   \\    /   O peration     | Website:  https://openfoam.org
    \\  /    A nd           | Version:  7
     \\/     M anipulation  |
\*---------------------------------------------------------------------------*/
FoamFile
{
    version     2.0;
    format      ascii;
    class       volVectorField;
    location    "0.00083";
    object      U;
}
// * * * * * * * * * * * * * * * * * * * * * * * * * * * * * * * * * * * * * //

dimensions      [0 1 -1 0 0 0 0];

internalField   nonuniform List<vector> 
124
(
(15.7915 0 0)
(15.8016 0 0)
(15.8116 0 0)
(15.8215 0 0)
(15.8312 0 0)
(15.8408 0 0)
(15.8503 0 0)
(15.8597 0 0)
(15.8689 0 0)
(15.878 0 0)
(15.887 0 0)
(15.8959 0 0)
(15.9047 0 0)
(15.9133 0 0)
(15.9219 0 0)
(15.9303 0 0)
(15.9387 0 0)
(15.9469 0 0)
(15.9551 0 0)
(15.9631 0 0)
(15.9711 0 0)
(15.9789 0 0)
(15.9867 0 0)
(15.9944 0 0)
(16.002 0 0)
(16.0095 0 0)
(16.0169 0 0)
(16.0242 0 0)
(16.0315 0 0)
(16.0386 0 0)
(16.0457 0 0)
(16.0527 0 0)
(16.0597 0 0)
(16.0665 0 0)
(16.0733 0 0)
(16.08 0 0)
(16.0867 0 0)
(16.0933 0 0)
(16.0998 0 0)
(16.1062 0 0)
(16.1126 0 0)
(16.1189 0 0)
(16.1251 0 0)
(16.1313 0 0)
(16.1374 0 0)
(16.1434 0 0)
(16.1494 0 0)
(16.1553 0 0)
(16.1612 0 0)
(16.167 0 0)
(16.1728 0 0)
(16.1784 0 0)
(16.1841 0 0)
(16.1897 0 0)
(16.1952 0 0)
(16.2007 0 0)
(16.2061 0 0)
(16.2115 0 0)
(16.2168 0 0)
(16.2221 0 0)
(16.2273 0 0)
(16.2325 0 0)
(16.2376 0 0)
(16.2427 0 0)
(16.2477 0 0)
(16.2527 0 0)
(16.2576 0 0)
(16.2625 0 0)
(16.2674 0 0)
(16.2722 0 0)
(16.2769 0 0)
(16.2816 0 0)
(16.2863 0 0)
(16.291 0 0)
(16.2956 0 0)
(16.3001 0 0)
(16.3046 0 0)
(16.3091 0 0)
(16.3135 0 0)
(16.3179 0 0)
(16.3223 0 0)
(16.3266 0 0)
(16.3309 0 0)
(16.3351 0 0)
(16.3394 0 0)
(16.3435 0 0)
(16.3477 0 0)
(16.3518 0 0)
(16.3559 0 0)
(16.3599 0 0)
(16.3639 0 0)
(16.3679 0 0)
(16.3718 0 0)
(16.3757 0 0)
(16.3796 0 0)
(16.3835 0 0)
(16.3873 0 0)
(16.3911 0 0)
(16.3948 0 0)
(16.3985 0 0)
(16.4022 0 0)
(16.4059 0 0)
(16.4095 0 0)
(16.4131 0 0)
(16.4167 0 0)
(16.4203 0 0)
(16.4238 0 0)
(16.4273 0 0)
(16.4308 0 0)
(16.4342 0 0)
(16.4376 0 0)
(16.441 0 0)
(16.4444 0 0)
(16.4477 0 0)
(16.4511 0 0)
(16.4544 0 0)
(16.4577 0 0)
(16.461 0 0)
(16.4642 0 0)
(16.4675 0 0)
(16.4707 0 0)
(16.4737 0 0)
(16.4763 0 0)
(16.4781 0 0)
)
;

boundaryField
{
    boundary
    {
        type            empty;
    }
    inlet
    {
        type            fixedValue;
        value           nonuniform 0();
    }
    outlet
    {
        type            zeroGradient;
    }
    procBoundary0to1
    {
        type            processor;
        value           uniform (15.7813 0 0);
    }
}


// ************************************************************************* //
