/*--------------------------------*- C++ -*----------------------------------*\
  =========                 |
  \\      /  F ield         | OpenFOAM: The Open Source CFD Toolbox
   \\    /   O peration     | Website:  https://openfoam.org
    \\  /    A nd           | Version:  7
     \\/     M anipulation  |
\*---------------------------------------------------------------------------*/
FoamFile
{
    version     2.0;
    format      ascii;
    class       volVectorField;
    location    "0.00065";
    object      U;
}
// * * * * * * * * * * * * * * * * * * * * * * * * * * * * * * * * * * * * * //

dimensions      [0 1 -1 0 0 0 0];

internalField   nonuniform List<vector> 
125
(
(2.34895 0 0)
(2.34904 0 0)
(2.34917 0 0)
(2.34929 0 0)
(2.3494 0 0)
(2.34951 0 0)
(2.34962 0 0)
(2.34974 0 0)
(2.34986 0 0)
(2.34997 0 0)
(2.35009 0 0)
(2.3502 0 0)
(2.35032 0 0)
(2.35043 0 0)
(2.35054 0 0)
(2.35065 0 0)
(2.35076 0 0)
(2.35087 0 0)
(2.35098 0 0)
(2.35109 0 0)
(2.3512 0 0)
(2.35131 0 0)
(2.35143 0 0)
(2.35154 0 0)
(2.35166 0 0)
(2.35178 0 0)
(2.3519 0 0)
(2.35202 0 0)
(2.35215 0 0)
(2.35228 0 0)
(2.35241 0 0)
(2.35254 0 0)
(2.35267 0 0)
(2.35281 0 0)
(2.35294 0 0)
(2.35307 0 0)
(2.35321 0 0)
(2.35334 0 0)
(2.35347 0 0)
(2.35359 0 0)
(2.35371 0 0)
(2.35383 0 0)
(2.35395 0 0)
(2.35406 0 0)
(2.35416 0 0)
(2.35426 0 0)
(2.35436 0 0)
(2.35445 0 0)
(2.35454 0 0)
(2.35463 0 0)
(2.35471 0 0)
(2.35479 0 0)
(2.35486 0 0)
(2.35494 0 0)
(2.35502 0 0)
(2.35509 0 0)
(2.35517 0 0)
(2.35525 0 0)
(2.35533 0 0)
(2.35541 0 0)
(2.35549 0 0)
(2.35557 0 0)
(2.35566 0 0)
(2.35575 0 0)
(2.35584 0 0)
(2.35593 0 0)
(2.35602 0 0)
(2.35612 0 0)
(2.35622 0 0)
(2.35632 0 0)
(2.35642 0 0)
(2.35652 0 0)
(2.35662 0 0)
(2.35672 0 0)
(2.35682 0 0)
(2.35692 0 0)
(2.35703 0 0)
(2.35713 0 0)
(2.35724 0 0)
(2.35734 0 0)
(2.35744 0 0)
(2.35755 0 0)
(2.35765 0 0)
(2.35776 0 0)
(2.35786 0 0)
(2.35797 0 0)
(2.35807 0 0)
(2.35818 0 0)
(2.35828 0 0)
(2.35838 0 0)
(2.35849 0 0)
(2.35859 0 0)
(2.3587 0 0)
(2.3588 0 0)
(2.35891 0 0)
(2.35901 0 0)
(2.35911 0 0)
(2.35922 0 0)
(2.35932 0 0)
(2.35943 0 0)
(2.35953 0 0)
(2.35964 0 0)
(2.35974 0 0)
(2.35984 0 0)
(2.35995 0 0)
(2.36005 0 0)
(2.36015 0 0)
(2.36026 0 0)
(2.36036 0 0)
(2.36046 0 0)
(2.36057 0 0)
(2.36067 0 0)
(2.36077 0 0)
(2.36088 0 0)
(2.36098 0 0)
(2.36108 0 0)
(2.36119 0 0)
(2.36129 0 0)
(2.36139 0 0)
(2.36149 0 0)
(2.3616 0 0)
(2.3617 0 0)
(2.3618 0 0)
(2.3619 0 0)
(2.36201 0 0)
)
;

boundaryField
{
    boundary
    {
        type            empty;
    }
    inlet
    {
        type            fixedValue;
        value           uniform (2.34893 0 0);
    }
    outlet
    {
        type            zeroGradient;
    }
    procBoundary2to3
    {
        type            processor;
        value           uniform (2.36212 0 0);
    }
}


// ************************************************************************* //
