/*--------------------------------*- C++ -*----------------------------------*\
  =========                 |
  \\      /  F ield         | OpenFOAM: The Open Source CFD Toolbox
   \\    /   O peration     | Website:  https://openfoam.org
    \\  /    A nd           | Version:  7
     \\/     M anipulation  |
\*---------------------------------------------------------------------------*/
FoamFile
{
    version     2.0;
    format      ascii;
    class       volVectorField;
    location    "0.00096";
    object      U;
}
// * * * * * * * * * * * * * * * * * * * * * * * * * * * * * * * * * * * * * //

dimensions      [0 1 -1 0 0 0 0];

internalField   nonuniform List<vector> 
124
(
(15.7941 0 0)
(15.8041 0 0)
(15.8141 0 0)
(15.8239 0 0)
(15.8335 0 0)
(15.8431 0 0)
(15.8525 0 0)
(15.8618 0 0)
(15.8709 0 0)
(15.88 0 0)
(15.8889 0 0)
(15.8977 0 0)
(15.9065 0 0)
(15.9151 0 0)
(15.9236 0 0)
(15.932 0 0)
(15.9403 0 0)
(15.9485 0 0)
(15.9566 0 0)
(15.9646 0 0)
(15.9725 0 0)
(15.9803 0 0)
(15.988 0 0)
(15.9956 0 0)
(16.0032 0 0)
(16.0107 0 0)
(16.018 0 0)
(16.0253 0 0)
(16.0326 0 0)
(16.0397 0 0)
(16.0467 0 0)
(16.0537 0 0)
(16.0606 0 0)
(16.0675 0 0)
(16.0742 0 0)
(16.0809 0 0)
(16.0875 0 0)
(16.0941 0 0)
(16.1005 0 0)
(16.1069 0 0)
(16.1133 0 0)
(16.1196 0 0)
(16.1258 0 0)
(16.1319 0 0)
(16.138 0 0)
(16.144 0 0)
(16.15 0 0)
(16.1559 0 0)
(16.1618 0 0)
(16.1675 0 0)
(16.1733 0 0)
(16.179 0 0)
(16.1846 0 0)
(16.1901 0 0)
(16.1957 0 0)
(16.2011 0 0)
(16.2065 0 0)
(16.2119 0 0)
(16.2172 0 0)
(16.2225 0 0)
(16.2277 0 0)
(16.2328 0 0)
(16.2379 0 0)
(16.243 0 0)
(16.248 0 0)
(16.253 0 0)
(16.2579 0 0)
(16.2628 0 0)
(16.2677 0 0)
(16.2725 0 0)
(16.2772 0 0)
(16.2819 0 0)
(16.2866 0 0)
(16.2912 0 0)
(16.2958 0 0)
(16.3004 0 0)
(16.3049 0 0)
(16.3093 0 0)
(16.3138 0 0)
(16.3181 0 0)
(16.3225 0 0)
(16.3268 0 0)
(16.3311 0 0)
(16.3353 0 0)
(16.3395 0 0)
(16.3437 0 0)
(16.3478 0 0)
(16.3519 0 0)
(16.356 0 0)
(16.36 0 0)
(16.364 0 0)
(16.368 0 0)
(16.3719 0 0)
(16.3758 0 0)
(16.3797 0 0)
(16.3835 0 0)
(16.3873 0 0)
(16.3911 0 0)
(16.3948 0 0)
(16.3985 0 0)
(16.4022 0 0)
(16.4058 0 0)
(16.4095 0 0)
(16.4131 0 0)
(16.4166 0 0)
(16.4202 0 0)
(16.4237 0 0)
(16.4271 0 0)
(16.4306 0 0)
(16.434 0 0)
(16.4374 0 0)
(16.4408 0 0)
(16.4442 0 0)
(16.4475 0 0)
(16.4509 0 0)
(16.4542 0 0)
(16.4575 0 0)
(16.4608 0 0)
(16.4641 0 0)
(16.4674 0 0)
(16.4706 0 0)
(16.4737 0 0)
(16.4764 0 0)
(16.4783 0 0)
)
;

boundaryField
{
    boundary
    {
        type            empty;
    }
    inlet
    {
        type            fixedValue;
        value           nonuniform 0();
    }
    outlet
    {
        type            zeroGradient;
    }
    procBoundary0to1
    {
        type            processor;
        value           uniform (15.784 0 0);
    }
}


// ************************************************************************* //
