/*--------------------------------*- C++ -*----------------------------------*\
  =========                 |
  \\      /  F ield         | OpenFOAM: The Open Source CFD Toolbox
   \\    /   O peration     | Website:  https://openfoam.org
    \\  /    A nd           | Version:  7
     \\/     M anipulation  |
\*---------------------------------------------------------------------------*/
FoamFile
{
    version     2.0;
    format      ascii;
    class       volVectorField;
    location    "0.00055";
    object      U;
}
// * * * * * * * * * * * * * * * * * * * * * * * * * * * * * * * * * * * * * //

dimensions      [0 1 -1 0 0 0 0];

internalField   nonuniform List<vector> 
125
(
(2.38194 0 0)
(2.38205 0 0)
(2.38218 0 0)
(2.3823 0 0)
(2.38242 0 0)
(2.38255 0 0)
(2.38267 0 0)
(2.38279 0 0)
(2.38291 0 0)
(2.38303 0 0)
(2.38315 0 0)
(2.38327 0 0)
(2.38339 0 0)
(2.38351 0 0)
(2.38363 0 0)
(2.38375 0 0)
(2.38387 0 0)
(2.38402 0 0)
(2.38426 0 0)
(2.3848 0 0)
(2.38627 0 0)
(2.39059 0 0)
(2.4029 0 0)
(2.43543 0 0)
(2.51471 0 0)
(2.69853 0 0)
(3.09274 0 0)
(3.87763 0 0)
(5.00296 0 0)
(6.24414 0 0)
(7.41655 0 0)
(8.45658 0 0)
(9.35087 0 0)
(10.0968 0 0)
(10.7144 0 0)
(11.2276 0 0)
(11.6429 0 0)
(11.9725 0 0)
(12.2429 0 0)
(12.4749 0 0)
(12.6782 0 0)
(12.8582 0 0)
(13.0189 0 0)
(13.1636 0 0)
(13.295 0 0)
(13.4151 0 0)
(13.5256 0 0)
(13.6276 0 0)
(13.7222 0 0)
(13.8104 0 0)
(13.8928 0 0)
(13.97 0 0)
(14.0426 0 0)
(14.111 0 0)
(14.1757 0 0)
(14.2368 0 0)
(14.2949 0 0)
(14.35 0 0)
(14.4024 0 0)
(14.4523 0 0)
(14.4998 0 0)
(14.5439 0 0)
(14.5852 0 0)
(14.6253 0 0)
(14.6639 0 0)
(14.7012 0 0)
(14.7373 0 0)
(14.7722 0 0)
(14.8061 0 0)
(14.8388 0 0)
(14.8706 0 0)
(14.9014 0 0)
(14.9314 0 0)
(14.9604 0 0)
(14.9887 0 0)
(15.0162 0 0)
(15.043 0 0)
(15.0691 0 0)
(15.0944 0 0)
(15.1192 0 0)
(15.1433 0 0)
(15.1669 0 0)
(15.1899 0 0)
(15.2123 0 0)
(15.2342 0 0)
(15.2557 0 0)
(15.2766 0 0)
(15.2971 0 0)
(15.3171 0 0)
(15.3367 0 0)
(15.3559 0 0)
(15.3747 0 0)
(15.3931 0 0)
(15.4111 0 0)
(15.4288 0 0)
(15.4462 0 0)
(15.4632 0 0)
(15.4798 0 0)
(15.4962 0 0)
(15.5123 0 0)
(15.528 0 0)
(15.5435 0 0)
(15.5587 0 0)
(15.5736 0 0)
(15.5883 0 0)
(15.6027 0 0)
(15.6169 0 0)
(15.6309 0 0)
(15.6446 0 0)
(15.6581 0 0)
(15.6713 0 0)
(15.6844 0 0)
(15.6973 0 0)
(15.7099 0 0)
(15.7224 0 0)
(15.7346 0 0)
(15.7467 0 0)
(15.7586 0 0)
(15.7704 0 0)
(15.7819 0 0)
(15.7933 0 0)
(15.8045 0 0)
(15.8156 0 0)
(15.8264 0 0)
(15.8372 0 0)
)
;

boundaryField
{
    boundary
    {
        type            empty;
    }
    inlet
    {
        type            fixedValue;
        value           nonuniform 0();
    }
    outlet
    {
        type            zeroGradient;
    }
    procBoundary1to0
    {
        type            processor;
        value           uniform (15.8477 0 0);
    }
    procBoundary1to3
    {
        type            processor;
        value           uniform (2.38182 0 0);
    }
}


// ************************************************************************* //
