/*--------------------------------*- C++ -*----------------------------------*\
  =========                 |
  \\      /  F ield         | OpenFOAM: The Open Source CFD Toolbox
   \\    /   O peration     | Website:  https://openfoam.org
    \\  /    A nd           | Version:  7
     \\/     M anipulation  |
\*---------------------------------------------------------------------------*/
FoamFile
{
    version     2.0;
    format      ascii;
    class       volVectorField;
    location    "0.00075";
    object      U;
}
// * * * * * * * * * * * * * * * * * * * * * * * * * * * * * * * * * * * * * //

dimensions      [0 1 -1 0 0 0 0];

internalField   nonuniform List<vector> 
125
(
(2.34892 0 0)
(2.34888 0 0)
(2.34884 0 0)
(2.3488 0 0)
(2.34876 0 0)
(2.34873 0 0)
(2.34869 0 0)
(2.34866 0 0)
(2.34862 0 0)
(2.34859 0 0)
(2.34856 0 0)
(2.34853 0 0)
(2.3485 0 0)
(2.34848 0 0)
(2.34845 0 0)
(2.34843 0 0)
(2.34841 0 0)
(2.34838 0 0)
(2.34836 0 0)
(2.34834 0 0)
(2.34831 0 0)
(2.34829 0 0)
(2.34826 0 0)
(2.34824 0 0)
(2.34822 0 0)
(2.34819 0 0)
(2.34817 0 0)
(2.34815 0 0)
(2.34812 0 0)
(2.3481 0 0)
(2.34808 0 0)
(2.34807 0 0)
(2.34805 0 0)
(2.34804 0 0)
(2.34802 0 0)
(2.34801 0 0)
(2.348 0 0)
(2.34799 0 0)
(2.34799 0 0)
(2.34798 0 0)
(2.34798 0 0)
(2.34797 0 0)
(2.34796 0 0)
(2.34795 0 0)
(2.34795 0 0)
(2.34794 0 0)
(2.34792 0 0)
(2.34791 0 0)
(2.34789 0 0)
(2.34787 0 0)
(2.34784 0 0)
(2.34781 0 0)
(2.34778 0 0)
(2.34774 0 0)
(2.3477 0 0)
(2.34766 0 0)
(2.34761 0 0)
(2.34756 0 0)
(2.34751 0 0)
(2.34746 0 0)
(2.3474 0 0)
(2.34735 0 0)
(2.34729 0 0)
(2.34724 0 0)
(2.34718 0 0)
(2.34713 0 0)
(2.34708 0 0)
(2.34702 0 0)
(2.34697 0 0)
(2.34693 0 0)
(2.34688 0 0)
(2.34683 0 0)
(2.34679 0 0)
(2.34675 0 0)
(2.34671 0 0)
(2.34667 0 0)
(2.34663 0 0)
(2.34659 0 0)
(2.34656 0 0)
(2.34652 0 0)
(2.34649 0 0)
(2.34646 0 0)
(2.34643 0 0)
(2.34639 0 0)
(2.34636 0 0)
(2.34633 0 0)
(2.3463 0 0)
(2.34627 0 0)
(2.34624 0 0)
(2.34621 0 0)
(2.34618 0 0)
(2.34615 0 0)
(2.34612 0 0)
(2.34609 0 0)
(2.34606 0 0)
(2.34604 0 0)
(2.34601 0 0)
(2.34598 0 0)
(2.34595 0 0)
(2.34592 0 0)
(2.34589 0 0)
(2.34586 0 0)
(2.34583 0 0)
(2.34581 0 0)
(2.34578 0 0)
(2.34575 0 0)
(2.34572 0 0)
(2.34569 0 0)
(2.34566 0 0)
(2.34563 0 0)
(2.34561 0 0)
(2.34558 0 0)
(2.34555 0 0)
(2.34552 0 0)
(2.34549 0 0)
(2.34547 0 0)
(2.34544 0 0)
(2.34541 0 0)
(2.34538 0 0)
(2.34535 0 0)
(2.34533 0 0)
(2.3453 0 0)
(2.34527 0 0)
(2.34524 0 0)
(2.34521 0 0)
)
;

boundaryField
{
    boundary
    {
        type            empty;
    }
    inlet
    {
        type            fixedValue;
        value           uniform (2.34893 0 0);
    }
    outlet
    {
        type            zeroGradient;
    }
    procBoundary2to3
    {
        type            processor;
        value           uniform (2.34519 0 0);
    }
}


// ************************************************************************* //
