/*--------------------------------*- C++ -*----------------------------------*\
  =========                 |
  \\      /  F ield         | OpenFOAM: The Open Source CFD Toolbox
   \\    /   O peration     | Website:  https://openfoam.org
    \\  /    A nd           | Version:  7
     \\/     M anipulation  |
\*---------------------------------------------------------------------------*/
FoamFile
{
    version     2.0;
    format      ascii;
    class       volScalarField;
    location    "0.00055";
    object      p;
}
// * * * * * * * * * * * * * * * * * * * * * * * * * * * * * * * * * * * * * //

dimensions      [1 -1 -2 0 0 0 0];

internalField   nonuniform List<scalar> 
500
(
103209
103209
103209
103209
103209
103209
103209
103209
103209
103209
103209
103209
103209
103209
103209
103209
103209
103209
103209
103209
103209
103209
103209
103209
103209
103209
103209
103209
103209
103209
103209
103209
103209
103209
103209
103209
103209
103209
103209
103209
103209
103209
103209
103209
103209
103209
103209
103209
103209
103209
103209
103209
103209
103209
103209
103209
103209
103209
103209
103209
103209
103209
103209
103209
103209
103209
103209
103209
103209
103209
103209
103209
103209
103209
103209
103209
103209
103209
103209
103209
103209
103209
103209
103209
103209
103208
103208
103208
103208
103208
103208
103208
103208
103208
103208
103208
103208
103208
103208
103208
103208
103208
103208
103208
103208
103208
103208
103208
103208
103208
103208
103208
103208
103208
103208
103208
103208
103208
103208
103208
103208
103208
103208
103208
103208
103208
103208
103208
103208
103208
103208
103208
103208
103208
103208
103208
103208
103208
103208
103208
103208
103208
103208
103208
103208
103208
103208
103208
103208
103208
103208
103208
103208
103208
103208
103208
103208
103208
103208
103208
103208
103208
103208
103208
103208
103208
103208
103208
103208
103208
103208
103207
103207
103207
103207
103207
103207
103207
103207
103207
103207
103207
103207
103207
103207
103207
103207
103207
103207
103207
103207
103207
103207
103207
103207
103207
103207
103207
103207
103207
103207
103207
103207
103207
103207
103207
103207
103207
103207
103207
103207
103207
103207
103207
103207
103207
103207
103207
103207
103207
103207
103207
103207
103207
103207
103207
103207
103206
103206
103206
103206
103206
103206
103206
103206
103206
103206
103206
103206
103206
103206
103206
103206
103206
103206
103206
103206
103206
103206
103206
103206
103206
103206
103206
103206
103206
103206
103206
103206
103206
103206
103206
103206
103206
103206
103206
103206
103206
103206
103206
103206
103206
103205
103205
103205
103205
103205
103204
103203
103201
103199
103196
103194
103192
103190
103189
103187
103186
103185
103185
103184
103184
103183
103183
103183
103182
103182
103182
103181
103181
103181
103181
103181
103180
103180
103180
103180
103180
103180
103180
103179
103179
103179
103179
103179
103179
103179
103179
103179
103179
103179
103178
103178
103178
103178
103178
103178
103178
103178
103178
103178
103178
103178
103178
103178
103178
103178
103177
103177
103177
103177
103177
103177
103177
103177
103177
103177
103177
103177
103177
103177
103177
103177
103177
103177
103177
103177
103177
103177
103177
103176
103176
103176
103176
103176
103176
103176
103176
103176
103176
103176
103176
103176
103176
103176
103176
103176
103176
103176
103176
103176
103176
103176
103176
103176
103176
103176
103176
103176
103176
103176
103176
103176
103175
103175
103175
103175
103175
103175
103175
103175
103175
103175
103175
103175
103175
103175
103175
103175
103175
103175
103175
103175
103175
103175
103175
103175
103175
103175
103175
103175
103175
103175
103175
103175
103175
103175
103175
103175
103175
103175
103175
103175
103175
103175
103175
103174
103174
103174
103174
103174
103174
103174
103174
103174
103174
103174
103174
103174
103174
103174
103174
103174
103174
103174
103174
103174
103174
103174
103174
103174
103174
103174
103174
103174
103174
103174
103174
103174
103174
103174
103174
103174
103174
103174
103174
103174
103174
103174
103174
103174
103174
103173
103173
103173
103173
103173
103173
103173
103173
103173
103173
103173
103173
103173
103173
103173
103173
103173
103173
)
;

boundaryField
{
    boundary
    {
        type            empty;
    }
    inlet
    {
        type            zeroGradient;
    }
    outlet
    {
        type            waveTransmissive;
        gamma           1.4;
        value           uniform 103173;
    }
}


// ************************************************************************* //
