/*--------------------------------*- C++ -*----------------------------------*\
  =========                 |
  \\      /  F ield         | OpenFOAM: The Open Source CFD Toolbox
   \\    /   O peration     | Website:  https://openfoam.org
    \\  /    A nd           | Version:  7
     \\/     M anipulation  |
\*---------------------------------------------------------------------------*/
FoamFile
{
    version     2.0;
    format      ascii;
    class       volVectorField;
    location    "0.00035";
    object      U;
}
// * * * * * * * * * * * * * * * * * * * * * * * * * * * * * * * * * * * * * //

dimensions      [0 1 -1 0 0 0 0];

internalField   nonuniform List<vector> 
125
(
(2.33128 0 0)
(2.3312 0 0)
(2.33112 0 0)
(2.33104 0 0)
(2.33096 0 0)
(2.33089 0 0)
(2.33081 0 0)
(2.33073 0 0)
(2.33065 0 0)
(2.33057 0 0)
(2.33049 0 0)
(2.33042 0 0)
(2.33034 0 0)
(2.33026 0 0)
(2.33018 0 0)
(2.3301 0 0)
(2.33002 0 0)
(2.32994 0 0)
(2.32989 0 0)
(2.32994 0 0)
(2.33028 0 0)
(2.33164 0 0)
(2.33607 0 0)
(2.34912 0 0)
(2.38385 0 0)
(2.46873 0 0)
(2.66572 0 0)
(3.0882 0 0)
(3.91096 0 0)
(5.0577 0 0)
(6.29771 0 0)
(7.45858 0 0)
(8.48525 0 0)
(9.36567 0 0)
(10.0973 0 0)
(10.7013 0 0)
(11.2031 0 0)
(11.6097 0 0)
(11.933 0 0)
(12.1988 0 0)
(12.4272 0 0)
(12.6276 0 0)
(12.8052 0 0)
(12.9639 0 0)
(13.107 0 0)
(13.2369 0 0)
(13.3558 0 0)
(13.4651 0 0)
(13.5661 0 0)
(13.6598 0 0)
(13.7471 0 0)
(13.8287 0 0)
(13.9053 0 0)
(13.9772 0 0)
(14.045 0 0)
(14.109 0 0)
(14.1696 0 0)
(14.2271 0 0)
(14.2817 0 0)
(14.3335 0 0)
(14.3829 0 0)
(14.4286 0 0)
(14.4714 0 0)
(14.5127 0 0)
(14.5526 0 0)
(14.5912 0 0)
(14.6283 0 0)
(14.6643 0 0)
(14.699 0 0)
(14.7327 0 0)
(14.7653 0 0)
(14.7969 0 0)
(14.8275 0 0)
(14.8573 0 0)
(14.8862 0 0)
(14.9143 0 0)
(14.9417 0 0)
(14.9683 0 0)
(14.9941 0 0)
(15.0194 0 0)
(15.0439 0 0)
(15.0679 0 0)
(15.0913 0 0)
(15.1141 0 0)
(15.1363 0 0)
(15.1581 0 0)
(15.1793 0 0)
(15.2001 0 0)
(15.2204 0 0)
(15.2403 0 0)
(15.2597 0 0)
(15.2787 0 0)
(15.2973 0 0)
(15.3156 0 0)
(15.3334 0 0)
(15.3509 0 0)
(15.3681 0 0)
(15.3849 0 0)
(15.4014 0 0)
(15.4176 0 0)
(15.4335 0 0)
(15.4491 0 0)
(15.4644 0 0)
(15.4794 0 0)
(15.4942 0 0)
(15.5087 0 0)
(15.5229 0 0)
(15.5369 0 0)
(15.5506 0 0)
(15.5642 0 0)
(15.5774 0 0)
(15.5905 0 0)
(15.6034 0 0)
(15.616 0 0)
(15.6284 0 0)
(15.6407 0 0)
(15.6527 0 0)
(15.6646 0 0)
(15.6763 0 0)
(15.6878 0 0)
(15.6992 0 0)
(15.7104 0 0)
(15.7216 0 0)
(15.7327 0 0)
(15.7436 0 0)
)
;

boundaryField
{
    boundary
    {
        type            empty;
    }
    inlet
    {
        type            fixedValue;
        value           nonuniform 0();
    }
    outlet
    {
        type            zeroGradient;
    }
    procBoundary1to0
    {
        type            processor;
        value           uniform (15.7538 0 0);
    }
    procBoundary1to3
    {
        type            processor;
        value           uniform (2.33136 0 0);
    }
}


// ************************************************************************* //
