/*--------------------------------*- C++ -*----------------------------------*\
  =========                 |
  \\      /  F ield         | OpenFOAM: The Open Source CFD Toolbox
   \\    /   O peration     | Website:  https://openfoam.org
    \\  /    A nd           | Version:  7
     \\/     M anipulation  |
\*---------------------------------------------------------------------------*/
FoamFile
{
    version     2.0;
    format      ascii;
    class       volVectorField;
    location    "0.00067";
    object      U;
}
// * * * * * * * * * * * * * * * * * * * * * * * * * * * * * * * * * * * * * //

dimensions      [0 1 -1 0 0 0 0];

internalField   nonuniform List<vector> 
125
(
(2.34893 0 0)
(2.34894 0 0)
(2.34897 0 0)
(2.349 0 0)
(2.34904 0 0)
(2.34907 0 0)
(2.3491 0 0)
(2.34914 0 0)
(2.34918 0 0)
(2.34922 0 0)
(2.34926 0 0)
(2.34929 0 0)
(2.34933 0 0)
(2.34937 0 0)
(2.34941 0 0)
(2.34944 0 0)
(2.34948 0 0)
(2.34951 0 0)
(2.34954 0 0)
(2.34958 0 0)
(2.34961 0 0)
(2.34965 0 0)
(2.34968 0 0)
(2.34972 0 0)
(2.34976 0 0)
(2.3498 0 0)
(2.34984 0 0)
(2.34989 0 0)
(2.34993 0 0)
(2.34998 0 0)
(2.35003 0 0)
(2.35008 0 0)
(2.35014 0 0)
(2.35019 0 0)
(2.35025 0 0)
(2.3503 0 0)
(2.35036 0 0)
(2.35041 0 0)
(2.35047 0 0)
(2.35052 0 0)
(2.35057 0 0)
(2.35062 0 0)
(2.35066 0 0)
(2.3507 0 0)
(2.35073 0 0)
(2.35076 0 0)
(2.35079 0 0)
(2.35081 0 0)
(2.35083 0 0)
(2.35084 0 0)
(2.35085 0 0)
(2.35086 0 0)
(2.35086 0 0)
(2.35087 0 0)
(2.35087 0 0)
(2.35087 0 0)
(2.35087 0 0)
(2.35087 0 0)
(2.35087 0 0)
(2.35088 0 0)
(2.35088 0 0)
(2.35089 0 0)
(2.3509 0 0)
(2.35091 0 0)
(2.35092 0 0)
(2.35094 0 0)
(2.35095 0 0)
(2.35097 0 0)
(2.35099 0 0)
(2.35102 0 0)
(2.35104 0 0)
(2.35107 0 0)
(2.35109 0 0)
(2.35112 0 0)
(2.35115 0 0)
(2.35118 0 0)
(2.35121 0 0)
(2.35124 0 0)
(2.35128 0 0)
(2.35131 0 0)
(2.35134 0 0)
(2.35138 0 0)
(2.35141 0 0)
(2.35145 0 0)
(2.35148 0 0)
(2.35152 0 0)
(2.35155 0 0)
(2.35159 0 0)
(2.35163 0 0)
(2.35166 0 0)
(2.3517 0 0)
(2.35174 0 0)
(2.35178 0 0)
(2.35182 0 0)
(2.35186 0 0)
(2.3519 0 0)
(2.35194 0 0)
(2.35198 0 0)
(2.35202 0 0)
(2.35206 0 0)
(2.3521 0 0)
(2.35214 0 0)
(2.35218 0 0)
(2.35223 0 0)
(2.35227 0 0)
(2.35231 0 0)
(2.35236 0 0)
(2.3524 0 0)
(2.35244 0 0)
(2.35249 0 0)
(2.35253 0 0)
(2.35258 0 0)
(2.35263 0 0)
(2.35267 0 0)
(2.35272 0 0)
(2.35277 0 0)
(2.35281 0 0)
(2.35286 0 0)
(2.35291 0 0)
(2.35296 0 0)
(2.35301 0 0)
(2.35306 0 0)
(2.35311 0 0)
(2.35316 0 0)
(2.35321 0 0)
)
;

boundaryField
{
    boundary
    {
        type            empty;
    }
    inlet
    {
        type            fixedValue;
        value           uniform (2.34893 0 0);
    }
    outlet
    {
        type            zeroGradient;
    }
    procBoundary2to3
    {
        type            processor;
        value           uniform (2.35327 0 0);
    }
}


// ************************************************************************* //
