/*--------------------------------*- C++ -*----------------------------------*\
  =========                 |
  \\      /  F ield         | OpenFOAM: The Open Source CFD Toolbox
   \\    /   O peration     | Website:  https://openfoam.org
    \\  /    A nd           | Version:  7
     \\/     M anipulation  |
\*---------------------------------------------------------------------------*/
FoamFile
{
    version     2.0;
    format      ascii;
    class       volVectorField;
    location    "0.00041";
    object      U;
}
// * * * * * * * * * * * * * * * * * * * * * * * * * * * * * * * * * * * * * //

dimensions      [0 1 -1 0 0 0 0];

internalField   nonuniform List<vector> 
124
(
(15.7557 0 0)
(15.766 0 0)
(15.7762 0 0)
(15.7862 0 0)
(15.7961 0 0)
(15.8059 0 0)
(15.8155 0 0)
(15.8249 0 0)
(15.8343 0 0)
(15.8435 0 0)
(15.8526 0 0)
(15.8615 0 0)
(15.8704 0 0)
(15.8791 0 0)
(15.8877 0 0)
(15.8962 0 0)
(15.9046 0 0)
(15.9128 0 0)
(15.921 0 0)
(15.9291 0 0)
(15.9371 0 0)
(15.945 0 0)
(15.9528 0 0)
(15.9605 0 0)
(15.9681 0 0)
(15.9756 0 0)
(15.9831 0 0)
(15.9905 0 0)
(15.9978 0 0)
(16.0051 0 0)
(16.0123 0 0)
(16.0194 0 0)
(16.0265 0 0)
(16.0335 0 0)
(16.0404 0 0)
(16.0473 0 0)
(16.0542 0 0)
(16.061 0 0)
(16.0678 0 0)
(16.0745 0 0)
(16.0812 0 0)
(16.0878 0 0)
(16.0944 0 0)
(16.101 0 0)
(16.1075 0 0)
(16.114 0 0)
(16.1204 0 0)
(16.1268 0 0)
(16.1331 0 0)
(16.1394 0 0)
(16.1456 0 0)
(16.1517 0 0)
(16.1577 0 0)
(16.1637 0 0)
(16.1696 0 0)
(16.1753 0 0)
(16.181 0 0)
(16.1865 0 0)
(16.1919 0 0)
(16.1972 0 0)
(16.2023 0 0)
(16.2072 0 0)
(16.212 0 0)
(16.2166 0 0)
(16.221 0 0)
(16.2252 0 0)
(16.2292 0 0)
(16.233 0 0)
(16.2366 0 0)
(16.24 0 0)
(16.2431 0 0)
(16.246 0 0)
(16.2487 0 0)
(16.2512 0 0)
(16.2534 0 0)
(16.2555 0 0)
(16.2573 0 0)
(16.2589 0 0)
(16.2603 0 0)
(16.2615 0 0)
(16.2625 0 0)
(16.2634 0 0)
(16.2641 0 0)
(16.2646 0 0)
(16.265 0 0)
(16.2653 0 0)
(16.2655 0 0)
(16.2656 0 0)
(16.2656 0 0)
(16.2655 0 0)
(16.2653 0 0)
(16.2652 0 0)
(16.2649 0 0)
(16.2647 0 0)
(16.2645 0 0)
(16.2642 0 0)
(16.264 0 0)
(16.2638 0 0)
(16.2636 0 0)
(16.2634 0 0)
(16.2633 0 0)
(16.2632 0 0)
(16.2631 0 0)
(16.2631 0 0)
(16.2631 0 0)
(16.2632 0 0)
(16.2633 0 0)
(16.2635 0 0)
(16.2637 0 0)
(16.2639 0 0)
(16.2642 0 0)
(16.2646 0 0)
(16.2649 0 0)
(16.2653 0 0)
(16.2658 0 0)
(16.2663 0 0)
(16.2669 0 0)
(16.2675 0 0)
(16.2682 0 0)
(16.2691 0 0)
(16.2702 0 0)
(16.2715 0 0)
(16.2735 0 0)
(16.2771 0 0)
)
;

boundaryField
{
    boundary
    {
        type            empty;
    }
    inlet
    {
        type            fixedValue;
        value           nonuniform 0();
    }
    outlet
    {
        type            zeroGradient;
    }
    procBoundary0to1
    {
        type            processor;
        value           uniform (15.745 0 0);
    }
}


// ************************************************************************* //
