/*--------------------------------*- C++ -*----------------------------------*\
  =========                 |
  \\      /  F ield         | OpenFOAM: The Open Source CFD Toolbox
   \\    /   O peration     | Website:  https://openfoam.org
    \\  /    A nd           | Version:  7
     \\/     M anipulation  |
\*---------------------------------------------------------------------------*/
FoamFile
{
    version     2.0;
    format      ascii;
    class       volVectorField;
    location    "0.00091";
    object      U;
}
// * * * * * * * * * * * * * * * * * * * * * * * * * * * * * * * * * * * * * //

dimensions      [0 1 -1 0 0 0 0];

internalField   nonuniform List<vector> 
125
(
(2.34892 0 0)
(2.34887 0 0)
(2.34882 0 0)
(2.34878 0 0)
(2.34873 0 0)
(2.34869 0 0)
(2.34864 0 0)
(2.3486 0 0)
(2.34855 0 0)
(2.34851 0 0)
(2.34846 0 0)
(2.34842 0 0)
(2.34837 0 0)
(2.34832 0 0)
(2.34828 0 0)
(2.34823 0 0)
(2.34818 0 0)
(2.34814 0 0)
(2.34809 0 0)
(2.34805 0 0)
(2.34801 0 0)
(2.34796 0 0)
(2.34792 0 0)
(2.34788 0 0)
(2.34784 0 0)
(2.34781 0 0)
(2.34777 0 0)
(2.34773 0 0)
(2.3477 0 0)
(2.34766 0 0)
(2.34763 0 0)
(2.34759 0 0)
(2.34756 0 0)
(2.34753 0 0)
(2.34749 0 0)
(2.34746 0 0)
(2.34743 0 0)
(2.3474 0 0)
(2.34737 0 0)
(2.34734 0 0)
(2.34731 0 0)
(2.34728 0 0)
(2.34726 0 0)
(2.34723 0 0)
(2.34721 0 0)
(2.34719 0 0)
(2.34717 0 0)
(2.34715 0 0)
(2.34713 0 0)
(2.34711 0 0)
(2.34709 0 0)
(2.34707 0 0)
(2.34706 0 0)
(2.34704 0 0)
(2.34702 0 0)
(2.347 0 0)
(2.34698 0 0)
(2.34695 0 0)
(2.34693 0 0)
(2.3469 0 0)
(2.34687 0 0)
(2.34684 0 0)
(2.34681 0 0)
(2.34677 0 0)
(2.34673 0 0)
(2.34669 0 0)
(2.34664 0 0)
(2.3466 0 0)
(2.34655 0 0)
(2.3465 0 0)
(2.34644 0 0)
(2.34639 0 0)
(2.34634 0 0)
(2.34628 0 0)
(2.34623 0 0)
(2.34617 0 0)
(2.34612 0 0)
(2.34606 0 0)
(2.34601 0 0)
(2.34596 0 0)
(2.3459 0 0)
(2.34585 0 0)
(2.3458 0 0)
(2.34576 0 0)
(2.34571 0 0)
(2.34567 0 0)
(2.34562 0 0)
(2.34558 0 0)
(2.34554 0 0)
(2.3455 0 0)
(2.34546 0 0)
(2.34543 0 0)
(2.34539 0 0)
(2.34535 0 0)
(2.34532 0 0)
(2.34529 0 0)
(2.34525 0 0)
(2.34522 0 0)
(2.34519 0 0)
(2.34516 0 0)
(2.34513 0 0)
(2.3451 0 0)
(2.34507 0 0)
(2.34504 0 0)
(2.34501 0 0)
(2.34498 0 0)
(2.34496 0 0)
(2.34493 0 0)
(2.3449 0 0)
(2.34488 0 0)
(2.34485 0 0)
(2.34482 0 0)
(2.3448 0 0)
(2.34477 0 0)
(2.34475 0 0)
(2.34472 0 0)
(2.3447 0 0)
(2.34467 0 0)
(2.34465 0 0)
(2.34463 0 0)
(2.3446 0 0)
(2.34458 0 0)
(2.34456 0 0)
(2.34453 0 0)
(2.34451 0 0)
)
;

boundaryField
{
    boundary
    {
        type            empty;
    }
    inlet
    {
        type            fixedValue;
        value           uniform (2.34893 0 0);
    }
    outlet
    {
        type            zeroGradient;
    }
    procBoundary2to3
    {
        type            processor;
        value           uniform (2.34449 0 0);
    }
}


// ************************************************************************* //
