/*--------------------------------*- C++ -*----------------------------------*\
  =========                 |
  \\      /  F ield         | OpenFOAM: The Open Source CFD Toolbox
   \\    /   O peration     | Website:  https://openfoam.org
    \\  /    A nd           | Version:  7
     \\/     M anipulation  |
\*---------------------------------------------------------------------------*/
FoamFile
{
    version     2.0;
    format      ascii;
    class       volVectorField;
    location    "0.00048";
    object      U;
}
// * * * * * * * * * * * * * * * * * * * * * * * * * * * * * * * * * * * * * //

dimensions      [0 1 -1 0 0 0 0];

internalField   nonuniform List<vector> 
125
(
(2.3249 0 0)
(2.32482 0 0)
(2.32475 0 0)
(2.32467 0 0)
(2.32459 0 0)
(2.32452 0 0)
(2.32444 0 0)
(2.32436 0 0)
(2.32429 0 0)
(2.32421 0 0)
(2.32414 0 0)
(2.32406 0 0)
(2.32398 0 0)
(2.32391 0 0)
(2.32383 0 0)
(2.32376 0 0)
(2.32369 0 0)
(2.32361 0 0)
(2.32363 0 0)
(2.32381 0 0)
(2.32465 0 0)
(2.32752 0 0)
(2.33631 0 0)
(2.36057 0 0)
(2.42154 0 0)
(2.56549 0 0)
(2.8856 0 0)
(3.54648 0 0)
(4.59621 0 0)
(5.82783 0 0)
(7.02899 0 0)
(8.10682 0 0)
(9.04023 0 0)
(9.82628 0 0)
(10.4815 0 0)
(11.0257 0 0)
(11.4641 0 0)
(11.8104 0 0)
(12.0931 0 0)
(12.3342 0 0)
(12.5447 0 0)
(12.7303 0 0)
(12.8956 0 0)
(13.0441 0 0)
(13.1786 0 0)
(13.3013 0 0)
(13.414 0 0)
(13.5179 0 0)
(13.6142 0 0)
(13.7038 0 0)
(13.7874 0 0)
(13.8657 0 0)
(13.9393 0 0)
(14.0085 0 0)
(14.0739 0 0)
(14.1357 0 0)
(14.1943 0 0)
(14.25 0 0)
(14.3028 0 0)
(14.3531 0 0)
(14.401 0 0)
(14.4455 0 0)
(14.4871 0 0)
(14.5274 0 0)
(14.5663 0 0)
(14.6038 0 0)
(14.6401 0 0)
(14.6752 0 0)
(14.7091 0 0)
(14.742 0 0)
(14.7739 0 0)
(14.8048 0 0)
(14.8348 0 0)
(14.864 0 0)
(14.8923 0 0)
(14.9199 0 0)
(14.9467 0 0)
(14.9728 0 0)
(14.9982 0 0)
(15.0229 0 0)
(15.0471 0 0)
(15.0706 0 0)
(15.0936 0 0)
(15.116 0 0)
(15.1379 0 0)
(15.1593 0 0)
(15.1801 0 0)
(15.2006 0 0)
(15.2205 0 0)
(15.2401 0 0)
(15.2592 0 0)
(15.2779 0 0)
(15.2962 0 0)
(15.3142 0 0)
(15.3317 0 0)
(15.349 0 0)
(15.3659 0 0)
(15.3824 0 0)
(15.3987 0 0)
(15.4146 0 0)
(15.4302 0 0)
(15.4456 0 0)
(15.4607 0 0)
(15.4755 0 0)
(15.49 0 0)
(15.5043 0 0)
(15.5183 0 0)
(15.5321 0 0)
(15.5457 0 0)
(15.559 0 0)
(15.5721 0 0)
(15.585 0 0)
(15.5977 0 0)
(15.6102 0 0)
(15.6225 0 0)
(15.6346 0 0)
(15.6465 0 0)
(15.6583 0 0)
(15.6699 0 0)
(15.6813 0 0)
(15.6925 0 0)
(15.7036 0 0)
(15.7145 0 0)
(15.7252 0 0)
(15.7358 0 0)
)
;

boundaryField
{
    boundary
    {
        type            empty;
    }
    inlet
    {
        type            fixedValue;
        value           nonuniform 0();
    }
    outlet
    {
        type            zeroGradient;
    }
    procBoundary1to0
    {
        type            processor;
        value           uniform (15.7462 0 0);
    }
    procBoundary1to3
    {
        type            processor;
        value           uniform (2.32498 0 0);
    }
}


// ************************************************************************* //
