/*--------------------------------*- C++ -*----------------------------------*\
  =========                 |
  \\      /  F ield         | OpenFOAM: The Open Source CFD Toolbox
   \\    /   O peration     | Website:  https://openfoam.org
    \\  /    A nd           | Version:  7
     \\/     M anipulation  |
\*---------------------------------------------------------------------------*/
FoamFile
{
    version     2.0;
    format      ascii;
    class       volVectorField;
    location    "0.00084";
    object      U;
}
// * * * * * * * * * * * * * * * * * * * * * * * * * * * * * * * * * * * * * //

dimensions      [0 1 -1 0 0 0 0];

internalField   nonuniform List<vector> 
125
(
(2.34454 0 0)
(2.34452 0 0)
(2.3445 0 0)
(2.34448 0 0)
(2.34446 0 0)
(2.34444 0 0)
(2.34442 0 0)
(2.34441 0 0)
(2.34439 0 0)
(2.34437 0 0)
(2.34435 0 0)
(2.34433 0 0)
(2.34431 0 0)
(2.34429 0 0)
(2.34427 0 0)
(2.34425 0 0)
(2.34426 0 0)
(2.34436 0 0)
(2.34477 0 0)
(2.34616 0 0)
(2.35053 0 0)
(2.36323 0 0)
(2.39693 0 0)
(2.47924 0 0)
(2.67025 0 0)
(3.07997 0 0)
(3.88584 0 0)
(5.02272 0 0)
(6.26249 0 0)
(7.4277 0 0)
(8.45977 0 0)
(9.34607 0 0)
(10.0839 0 0)
(10.6939 0 0)
(11.2007 0 0)
(11.6111 0 0)
(11.9372 0 0)
(12.205 0 0)
(12.435 0 0)
(12.6367 0 0)
(12.8154 0 0)
(12.975 0 0)
(13.1188 0 0)
(13.2494 0 0)
(13.3688 0 0)
(13.4786 0 0)
(13.5801 0 0)
(13.6742 0 0)
(13.7619 0 0)
(13.8439 0 0)
(13.9207 0 0)
(13.993 0 0)
(14.0611 0 0)
(14.1254 0 0)
(14.1862 0 0)
(14.244 0 0)
(14.2988 0 0)
(14.351 0 0)
(14.4008 0 0)
(14.4481 0 0)
(14.4934 0 0)
(14.5354 0 0)
(14.5748 0 0)
(14.613 0 0)
(14.6499 0 0)
(14.6856 0 0)
(14.7202 0 0)
(14.7536 0 0)
(14.7861 0 0)
(14.8175 0 0)
(14.848 0 0)
(14.8776 0 0)
(14.9064 0 0)
(14.9344 0 0)
(14.9616 0 0)
(14.9881 0 0)
(15.0139 0 0)
(15.039 0 0)
(15.0635 0 0)
(15.0873 0 0)
(15.1106 0 0)
(15.1334 0 0)
(15.1556 0 0)
(15.1772 0 0)
(15.1984 0 0)
(15.2191 0 0)
(15.2394 0 0)
(15.2592 0 0)
(15.2786 0 0)
(15.2975 0 0)
(15.3161 0 0)
(15.3343 0 0)
(15.3521 0 0)
(15.3696 0 0)
(15.3867 0 0)
(15.4035 0 0)
(15.42 0 0)
(15.4361 0 0)
(15.452 0 0)
(15.4676 0 0)
(15.4828 0 0)
(15.4978 0 0)
(15.5126 0 0)
(15.5271 0 0)
(15.5413 0 0)
(15.5553 0 0)
(15.569 0 0)
(15.5825 0 0)
(15.5958 0 0)
(15.6089 0 0)
(15.6218 0 0)
(15.6344 0 0)
(15.6469 0 0)
(15.6592 0 0)
(15.6712 0 0)
(15.6831 0 0)
(15.6948 0 0)
(15.7064 0 0)
(15.7177 0 0)
(15.7289 0 0)
(15.74 0 0)
(15.7508 0 0)
(15.7615 0 0)
(15.772 0 0)
(15.7823 0 0)
)
;

boundaryField
{
    boundary
    {
        type            empty;
    }
    inlet
    {
        type            fixedValue;
        value           nonuniform 0();
    }
    outlet
    {
        type            zeroGradient;
    }
    procBoundary1to0
    {
        type            processor;
        value           uniform (15.7925 0 0);
    }
    procBoundary1to3
    {
        type            processor;
        value           uniform (2.34456 0 0);
    }
}


// ************************************************************************* //
