/*--------------------------------*- C++ -*----------------------------------*\
  =========                 |
  \\      /  F ield         | OpenFOAM: The Open Source CFD Toolbox
   \\    /   O peration     | Website:  https://openfoam.org
    \\  /    A nd           | Version:  7
     \\/     M anipulation  |
\*---------------------------------------------------------------------------*/
FoamFile
{
    version     2.0;
    format      ascii;
    class       volScalarField;
    location    "0.00015";
    object      p;
}
// * * * * * * * * * * * * * * * * * * * * * * * * * * * * * * * * * * * * * //

dimensions      [1 -1 -2 0 0 0 0];

internalField   nonuniform List<scalar> 
500
(
103057
103057
103057
103057
103057
103057
103057
103057
103057
103057
103057
103057
103057
103057
103057
103057
103057
103057
103057
103057
103057
103057
103057
103057
103057
103057
103057
103057
103057
103057
103057
103057
103057
103057
103057
103057
103057
103057
103057
103056
103056
103056
103056
103056
103056
103056
103056
103056
103056
103056
103056
103056
103056
103056
103056
103056
103056
103055
103055
103055
103055
103055
103055
103055
103055
103055
103055
103055
103055
103055
103054
103054
103054
103054
103054
103054
103054
103054
103054
103054
103054
103053
103053
103053
103053
103053
103053
103053
103053
103053
103053
103053
103052
103052
103052
103052
103052
103052
103052
103052
103052
103051
103051
103051
103051
103051
103051
103051
103051
103051
103050
103050
103050
103050
103050
103050
103050
103050
103050
103049
103049
103049
103049
103049
103049
103049
103049
103048
103048
103048
103048
103048
103048
103048
103048
103047
103047
103047
103047
103047
103047
103047
103047
103046
103046
103046
103046
103046
103046
103046
103046
103045
103045
103045
103045
103045
103045
103045
103044
103044
103044
103044
103044
103044
103044
103044
103043
103043
103043
103043
103043
103043
103043
103043
103042
103042
103042
103042
103042
103042
103042
103042
103041
103041
103041
103041
103041
103041
103041
103041
103040
103040
103040
103040
103040
103040
103040
103040
103039
103039
103039
103039
103039
103039
103039
103039
103039
103038
103038
103038
103038
103038
103038
103038
103038
103038
103037
103037
103037
103037
103037
103037
103037
103037
103037
103036
103036
103036
103036
103036
103036
103036
103036
103036
103035
103035
103035
103035
103035
103035
103035
103035
103035
103035
103034
103034
103034
103034
103034
103034
103034
103034
103034
103034
103033
103033
103033
103033
103033
103033
103033
103033
103033
103033
103032
103032
103032
103032
103032
103032
103032
103032
103032
103032
103031
103031
103031
103031
103031
103030
103029
103027
103024
103022
103019
103017
103015
103014
103013
103012
103011
103010
103010
103009
103009
103008
103008
103008
103007
103007
103007
103006
103006
103006
103006
103006
103005
103005
103005
103005
103005
103005
103005
103004
103004
103004
103004
103004
103004
103004
103004
103004
103004
103003
103003
103003
103003
103003
103003
103003
103003
103003
103003
103003
103003
103002
103002
103002
103002
103002
103002
103002
103002
103002
103002
103002
103002
103002
103002
103002
103001
103001
103001
103001
103001
103001
103001
103001
103001
103001
103001
103001
103001
103001
103001
103000
103000
103000
103000
103000
103000
103000
103000
103000
103000
103000
103000
103000
103000
102999
102999
102999
102999
102999
102999
102999
102999
102999
102999
102999
102999
102999
102999
102998
102998
102998
102998
102998
102998
102998
102998
102998
102998
102998
102998
102997
102997
102997
102997
102997
102997
102997
102997
102997
102997
102997
102997
102996
102996
102996
102996
102996
102996
102996
102996
102996
102996
102996
102995
102995
102995
102995
102995
102995
102995
102995
102995
102995
102994
102994
102994
102994
102994
102994
102994
102994
102994
102993
102993
102993
102993
102993
102993
102993
102993
102993
102992
102992
102992
102992
102992
102992
102992
102992
102992
102991
102991
102991
102991
102991
102991
102991
102991
102990
102990
102990
102990
102990
102990
102990
102990
102989
102989
102989
102989
102989
102989
102989
102988
102988
102988
102988
102988
102988
102988
102987
102987
102987
102987
102987
)
;

boundaryField
{
    boundary
    {
        type            empty;
    }
    inlet
    {
        type            zeroGradient;
    }
    outlet
    {
        type            waveTransmissive;
        gamma           1.4;
        value           uniform 102987;
    }
}


// ************************************************************************* //
