/*--------------------------------*- C++ -*----------------------------------*\
  =========                 |
  \\      /  F ield         | OpenFOAM: The Open Source CFD Toolbox
   \\    /   O peration     | Website:  https://openfoam.org
    \\  /    A nd           | Version:  7
     \\/     M anipulation  |
\*---------------------------------------------------------------------------*/
FoamFile
{
    version     2.0;
    format      ascii;
    class       volVectorField;
    location    "0.00058";
    object      U;
}
// * * * * * * * * * * * * * * * * * * * * * * * * * * * * * * * * * * * * * //

dimensions      [0 1 -1 0 0 0 0];

internalField   nonuniform List<vector> 
125
(
(2.39705 0 0)
(2.39722 0 0)
(2.39739 0 0)
(2.39758 0 0)
(2.39776 0 0)
(2.39794 0 0)
(2.39812 0 0)
(2.3983 0 0)
(2.39848 0 0)
(2.39866 0 0)
(2.39884 0 0)
(2.39902 0 0)
(2.3992 0 0)
(2.39938 0 0)
(2.39955 0 0)
(2.39973 0 0)
(2.39992 0 0)
(2.40014 0 0)
(2.40045 0 0)
(2.40111 0 0)
(2.40283 0 0)
(2.4077 0 0)
(2.42128 0 0)
(2.45661 0 0)
(2.54185 0 0)
(2.73829 0 0)
(3.15826 0 0)
(3.97554 0 0)
(5.11857 0 0)
(6.35849 0 0)
(7.52101 0 0)
(8.54978 0 0)
(9.43277 0 0)
(10.1674 0 0)
(10.7747 0 0)
(11.2796 0 0)
(11.6888 0 0)
(12.014 0 0)
(12.2813 0 0)
(12.5108 0 0)
(12.7123 0 0)
(12.8908 0 0)
(13.0503 0 0)
(13.194 0 0)
(13.3246 0 0)
(13.4441 0 0)
(13.554 0 0)
(13.6555 0 0)
(13.7498 0 0)
(13.8376 0 0)
(13.9197 0 0)
(13.9967 0 0)
(14.069 0 0)
(14.1373 0 0)
(14.2017 0 0)
(14.2628 0 0)
(14.3206 0 0)
(14.3756 0 0)
(14.428 0 0)
(14.4778 0 0)
(14.5252 0 0)
(14.5693 0 0)
(14.6106 0 0)
(14.6506 0 0)
(14.6892 0 0)
(14.7265 0 0)
(14.7626 0 0)
(14.7975 0 0)
(14.8313 0 0)
(14.864 0 0)
(14.8958 0 0)
(14.9266 0 0)
(14.9566 0 0)
(14.9857 0 0)
(15.014 0 0)
(15.0415 0 0)
(15.0683 0 0)
(15.0943 0 0)
(15.1197 0 0)
(15.1445 0 0)
(15.1687 0 0)
(15.1922 0 0)
(15.2153 0 0)
(15.2377 0 0)
(15.2597 0 0)
(15.2811 0 0)
(15.3021 0 0)
(15.3226 0 0)
(15.3427 0 0)
(15.3623 0 0)
(15.3815 0 0)
(15.4004 0 0)
(15.4188 0 0)
(15.4369 0 0)
(15.4546 0 0)
(15.472 0 0)
(15.489 0 0)
(15.5058 0 0)
(15.5222 0 0)
(15.5383 0 0)
(15.5541 0 0)
(15.5696 0 0)
(15.5849 0 0)
(15.5999 0 0)
(15.6146 0 0)
(15.6291 0 0)
(15.6433 0 0)
(15.6573 0 0)
(15.6711 0 0)
(15.6846 0 0)
(15.698 0 0)
(15.7111 0 0)
(15.724 0 0)
(15.7367 0 0)
(15.7492 0 0)
(15.7615 0 0)
(15.7737 0 0)
(15.7856 0 0)
(15.7974 0 0)
(15.809 0 0)
(15.8205 0 0)
(15.8317 0 0)
(15.8428 0 0)
(15.8538 0 0)
(15.8646 0 0)
)
;

boundaryField
{
    boundary
    {
        type            empty;
    }
    inlet
    {
        type            fixedValue;
        value           nonuniform 0();
    }
    outlet
    {
        type            zeroGradient;
    }
    procBoundary1to0
    {
        type            processor;
        value           uniform (15.8752 0 0);
    }
    procBoundary1to3
    {
        type            processor;
        value           uniform (2.39687 0 0);
    }
}


// ************************************************************************* //
