/*--------------------------------*- C++ -*----------------------------------*\
  =========                 |
  \\      /  F ield         | OpenFOAM: The Open Source CFD Toolbox
   \\    /   O peration     | Website:  https://openfoam.org
    \\  /    A nd           | Version:  7
     \\/     M anipulation  |
\*---------------------------------------------------------------------------*/
FoamFile
{
    version     2.0;
    format      ascii;
    class       volVectorField;
    location    "0.00032";
    object      U;
}
// * * * * * * * * * * * * * * * * * * * * * * * * * * * * * * * * * * * * * //

dimensions      [0 1 -1 0 0 0 0];

internalField   nonuniform List<vector> 
124
(
(15.743 0 0)
(15.7534 0 0)
(15.7637 0 0)
(15.7739 0 0)
(15.7839 0 0)
(15.7939 0 0)
(15.8038 0 0)
(15.8136 0 0)
(15.8233 0 0)
(15.8329 0 0)
(15.8424 0 0)
(15.8518 0 0)
(15.8612 0 0)
(15.8704 0 0)
(15.8796 0 0)
(15.8887 0 0)
(15.8977 0 0)
(15.9067 0 0)
(15.9155 0 0)
(15.9242 0 0)
(15.9328 0 0)
(15.9413 0 0)
(15.9496 0 0)
(15.9579 0 0)
(15.9659 0 0)
(15.9738 0 0)
(15.9815 0 0)
(15.989 0 0)
(15.9963 0 0)
(16.0034 0 0)
(16.0103 0 0)
(16.0169 0 0)
(16.0232 0 0)
(16.0293 0 0)
(16.0351 0 0)
(16.0406 0 0)
(16.0458 0 0)
(16.0507 0 0)
(16.0553 0 0)
(16.0595 0 0)
(16.0635 0 0)
(16.0671 0 0)
(16.0704 0 0)
(16.0734 0 0)
(16.0761 0 0)
(16.0785 0 0)
(16.0806 0 0)
(16.0824 0 0)
(16.0839 0 0)
(16.0852 0 0)
(16.0863 0 0)
(16.0871 0 0)
(16.0877 0 0)
(16.0882 0 0)
(16.0884 0 0)
(16.0886 0 0)
(16.0886 0 0)
(16.0885 0 0)
(16.0883 0 0)
(16.088 0 0)
(16.0877 0 0)
(16.0873 0 0)
(16.087 0 0)
(16.0866 0 0)
(16.0862 0 0)
(16.0858 0 0)
(16.0855 0 0)
(16.0852 0 0)
(16.0849 0 0)
(16.0847 0 0)
(16.0846 0 0)
(16.0845 0 0)
(16.0845 0 0)
(16.0845 0 0)
(16.0846 0 0)
(16.0847 0 0)
(16.085 0 0)
(16.0852 0 0)
(16.0855 0 0)
(16.0859 0 0)
(16.0863 0 0)
(16.0868 0 0)
(16.0873 0 0)
(16.0878 0 0)
(16.0883 0 0)
(16.0889 0 0)
(16.0895 0 0)
(16.0901 0 0)
(16.0906 0 0)
(16.0912 0 0)
(16.0918 0 0)
(16.0924 0 0)
(16.0929 0 0)
(16.0934 0 0)
(16.094 0 0)
(16.0945 0 0)
(16.0949 0 0)
(16.0954 0 0)
(16.0958 0 0)
(16.0962 0 0)
(16.0965 0 0)
(16.0969 0 0)
(16.0972 0 0)
(16.0974 0 0)
(16.0977 0 0)
(16.0979 0 0)
(16.0981 0 0)
(16.0982 0 0)
(16.0984 0 0)
(16.0985 0 0)
(16.0985 0 0)
(16.0986 0 0)
(16.0986 0 0)
(16.0986 0 0)
(16.0986 0 0)
(16.0986 0 0)
(16.0986 0 0)
(16.0985 0 0)
(16.0984 0 0)
(16.0984 0 0)
(16.0983 0 0)
(16.0982 0 0)
(16.0982 0 0)
(16.0981 0 0)
)
;

boundaryField
{
    boundary
    {
        type            empty;
    }
    inlet
    {
        type            fixedValue;
        value           nonuniform 0();
    }
    outlet
    {
        type            zeroGradient;
    }
    procBoundary0to1
    {
        type            processor;
        value           uniform (15.7324 0 0);
    }
}


// ************************************************************************* //
