/*--------------------------------*- C++ -*----------------------------------*\
  =========                 |
  \\      /  F ield         | OpenFOAM: The Open Source CFD Toolbox
   \\    /   O peration     | Website:  https://openfoam.org
    \\  /    A nd           | Version:  7
     \\/     M anipulation  |
\*---------------------------------------------------------------------------*/
FoamFile
{
    version     2.0;
    format      ascii;
    class       volVectorField;
    location    "0.00014";
    object      U;
}
// * * * * * * * * * * * * * * * * * * * * * * * * * * * * * * * * * * * * * //

dimensions      [0 1 -1 0 0 0 0];

internalField   nonuniform List<vector> 
125
(
(2.20481 0 0)
(2.20426 0 0)
(2.2037 0 0)
(2.20312 0 0)
(2.20254 0 0)
(2.20197 0 0)
(2.20139 0 0)
(2.20082 0 0)
(2.20024 0 0)
(2.19966 0 0)
(2.19908 0 0)
(2.19849 0 0)
(2.19791 0 0)
(2.19733 0 0)
(2.19674 0 0)
(2.19615 0 0)
(2.19556 0 0)
(2.19497 0 0)
(2.19438 0 0)
(2.1938 0 0)
(2.19326 0 0)
(2.19289 0 0)
(2.19337 0 0)
(2.19614 0 0)
(2.20632 0 0)
(2.2362 0 0)
(2.31289 0 0)
(2.49567 0 0)
(2.89349 0 0)
(3.68704 0 0)
(4.8197 0 0)
(6.06104 0 0)
(7.2296 0 0)
(8.26458 0 0)
(9.15284 0 0)
(9.89193 0 0)
(10.5021 0 0)
(11.008 0 0)
(11.417 0 0)
(11.7419 0 0)
(12.0088 0 0)
(12.2378 0 0)
(12.4384 0 0)
(12.6159 0 0)
(12.7743 0 0)
(12.9169 0 0)
(13.0463 0 0)
(13.1645 0 0)
(13.273 0 0)
(13.3732 0 0)
(13.466 0 0)
(13.5524 0 0)
(13.633 0 0)
(13.7085 0 0)
(13.7794 0 0)
(13.8461 0 0)
(13.9091 0 0)
(13.9687 0 0)
(14.0251 0 0)
(14.0787 0 0)
(14.1297 0 0)
(14.1769 0 0)
(14.221 0 0)
(14.2637 0 0)
(14.3049 0 0)
(14.3447 0 0)
(14.3833 0 0)
(14.4206 0 0)
(14.4567 0 0)
(14.4918 0 0)
(14.5258 0 0)
(14.5589 0 0)
(14.591 0 0)
(14.6221 0 0)
(14.6522 0 0)
(14.6814 0 0)
(14.7097 0 0)
(14.7369 0 0)
(14.7632 0 0)
(14.7884 0 0)
(14.8125 0 0)
(14.8354 0 0)
(14.8573 0 0)
(14.8779 0 0)
(14.8972 0 0)
(14.9153 0 0)
(14.9321 0 0)
(14.9476 0 0)
(14.9617 0 0)
(14.9745 0 0)
(14.9859 0 0)
(14.9959 0 0)
(15.0047 0 0)
(15.0122 0 0)
(15.0184 0 0)
(15.0235 0 0)
(15.0274 0 0)
(15.0303 0 0)
(15.0322 0 0)
(15.0332 0 0)
(15.0334 0 0)
(15.0328 0 0)
(15.0316 0 0)
(15.0299 0 0)
(15.0277 0 0)
(15.0252 0 0)
(15.0224 0 0)
(15.0194 0 0)
(15.0163 0 0)
(15.0132 0 0)
(15.0101 0 0)
(15.007 0 0)
(15.0041 0 0)
(15.0013 0 0)
(14.9987 0 0)
(14.9964 0 0)
(14.9943 0 0)
(14.9924 0 0)
(14.9909 0 0)
(14.9896 0 0)
(14.9885 0 0)
(14.9878 0 0)
(14.9877 0 0)
(14.9878 0 0)
(14.9878 0 0)
)
;

boundaryField
{
    boundary
    {
        type            empty;
    }
    inlet
    {
        type            fixedValue;
        value           nonuniform 0();
    }
    outlet
    {
        type            zeroGradient;
    }
    procBoundary1to0
    {
        type            processor;
        value           uniform (14.9882 0 0);
    }
    procBoundary1to3
    {
        type            processor;
        value           uniform (2.20538 0 0);
    }
}


// ************************************************************************* //
