/*--------------------------------*- C++ -*----------------------------------*\
  =========                 |
  \\      /  F ield         | OpenFOAM: The Open Source CFD Toolbox
   \\    /   O peration     | Website:  https://openfoam.org
    \\  /    A nd           | Version:  7
     \\/     M anipulation  |
\*---------------------------------------------------------------------------*/
FoamFile
{
    version     2.0;
    format      ascii;
    class       volVectorField;
    location    "0.00024";
    object      U;
}
// * * * * * * * * * * * * * * * * * * * * * * * * * * * * * * * * * * * * * //

dimensions      [0 1 -1 0 0 0 0];

internalField   nonuniform List<vector> 
125
(
(2.3191 0 0)
(2.31897 0 0)
(2.31884 0 0)
(2.3187 0 0)
(2.31857 0 0)
(2.31843 0 0)
(2.31829 0 0)
(2.31816 0 0)
(2.31802 0 0)
(2.31788 0 0)
(2.31774 0 0)
(2.31761 0 0)
(2.31747 0 0)
(2.31733 0 0)
(2.31719 0 0)
(2.31705 0 0)
(2.3169 0 0)
(2.31676 0 0)
(2.31663 0 0)
(2.31652 0 0)
(2.31661 0 0)
(2.31719 0 0)
(2.31946 0 0)
(2.32677 0 0)
(2.34758 0 0)
(2.40088 0 0)
(2.5279 0 0)
(2.81439 0 0)
(3.41389 0 0)
(4.41634 0 0)
(5.63567 0 0)
(6.84844 0 0)
(7.94438 0 0)
(8.89681 0 0)
(9.70297 0 0)
(10.378 0 0)
(10.9393 0 0)
(11.3907 0 0)
(11.7463 0 0)
(12.0358 0 0)
(12.282 0 0)
(12.4964 0 0)
(12.6851 0 0)
(12.8529 0 0)
(13.0034 0 0)
(13.1397 0 0)
(13.2639 0 0)
(13.3779 0 0)
(13.483 0 0)
(13.5803 0 0)
(13.6708 0 0)
(13.7553 0 0)
(13.8344 0 0)
(13.9086 0 0)
(13.9785 0 0)
(14.0445 0 0)
(14.1069 0 0)
(14.166 0 0)
(14.222 0 0)
(14.2752 0 0)
(14.3258 0 0)
(14.3727 0 0)
(14.4166 0 0)
(14.4589 0 0)
(14.4997 0 0)
(14.5391 0 0)
(14.5771 0 0)
(14.6138 0 0)
(14.6492 0 0)
(14.6836 0 0)
(14.7168 0 0)
(14.7489 0 0)
(14.7801 0 0)
(14.8104 0 0)
(14.8397 0 0)
(14.8682 0 0)
(14.8959 0 0)
(14.9229 0 0)
(14.949 0 0)
(14.9745 0 0)
(14.9993 0 0)
(15.0234 0 0)
(15.047 0 0)
(15.0699 0 0)
(15.0923 0 0)
(15.1141 0 0)
(15.1354 0 0)
(15.1562 0 0)
(15.1765 0 0)
(15.1964 0 0)
(15.2158 0 0)
(15.2348 0 0)
(15.2534 0 0)
(15.2717 0 0)
(15.2896 0 0)
(15.3071 0 0)
(15.3243 0 0)
(15.3412 0 0)
(15.3578 0 0)
(15.3741 0 0)
(15.3902 0 0)
(15.406 0 0)
(15.4215 0 0)
(15.4369 0 0)
(15.452 0 0)
(15.4669 0 0)
(15.4816 0 0)
(15.4961 0 0)
(15.5104 0 0)
(15.5245 0 0)
(15.5385 0 0)
(15.5522 0 0)
(15.5658 0 0)
(15.5791 0 0)
(15.5923 0 0)
(15.6052 0 0)
(15.6179 0 0)
(15.6304 0 0)
(15.6426 0 0)
(15.6546 0 0)
(15.6663 0 0)
(15.6777 0 0)
(15.6889 0 0)
(15.6998 0 0)
(15.7103 0 0)
)
;

boundaryField
{
    boundary
    {
        type            empty;
    }
    inlet
    {
        type            fixedValue;
        value           nonuniform 0();
    }
    outlet
    {
        type            zeroGradient;
    }
    procBoundary1to0
    {
        type            processor;
        value           uniform (15.7202 0 0);
    }
    procBoundary1to3
    {
        type            processor;
        value           uniform (2.31924 0 0);
    }
}


// ************************************************************************* //
