/*--------------------------------*- C++ -*----------------------------------*\
  =========                 |
  \\      /  F ield         | OpenFOAM: The Open Source CFD Toolbox
   \\    /   O peration     | Website:  https://openfoam.org
    \\  /    A nd           | Version:  7
     \\/     M anipulation  |
\*---------------------------------------------------------------------------*/
FoamFile
{
    version     2.0;
    format      ascii;
    class       volScalarField;
    location    "0.00098";
    object      p;
}
// * * * * * * * * * * * * * * * * * * * * * * * * * * * * * * * * * * * * * //

dimensions      [1 -1 -2 0 0 0 0];

internalField   nonuniform List<scalar> 
500
(
103140
103140
103140
103140
103140
103140
103140
103140
103140
103140
103140
103140
103140
103140
103140
103140
103140
103140
103140
103140
103140
103140
103140
103140
103140
103140
103140
103140
103140
103140
103140
103140
103140
103140
103140
103140
103140
103140
103140
103140
103140
103140
103140
103140
103140
103140
103140
103140
103140
103140
103140
103140
103140
103140
103140
103140
103140
103140
103140
103140
103140
103140
103140
103140
103140
103140
103140
103140
103140
103140
103140
103140
103140
103140
103140
103140
103140
103140
103140
103140
103140
103140
103140
103140
103140
103140
103140
103140
103140
103140
103140
103140
103140
103140
103140
103140
103140
103140
103140
103140
103140
103140
103140
103140
103140
103140
103140
103140
103140
103140
103140
103140
103140
103140
103140
103140
103141
103141
103141
103141
103141
103141
103141
103141
103141
103141
103141
103141
103141
103141
103141
103141
103141
103141
103141
103141
103141
103141
103141
103141
103141
103141
103141
103141
103141
103141
103141
103141
103141
103141
103141
103141
103141
103141
103141
103141
103141
103141
103141
103141
103141
103141
103141
103141
103141
103141
103141
103141
103141
103141
103141
103141
103141
103141
103141
103141
103141
103141
103141
103141
103141
103141
103141
103141
103141
103141
103141
103141
103141
103141
103141
103141
103141
103141
103141
103141
103141
103141
103141
103141
103141
103141
103141
103141
103141
103141
103141
103141
103141
103141
103141
103141
103141
103141
103141
103141
103141
103141
103141
103141
103141
103141
103141
103141
103141
103141
103141
103141
103141
103141
103141
103141
103141
103141
103141
103141
103141
103141
103141
103141
103141
103141
103141
103141
103141
103141
103141
103141
103141
103141
103141
103141
103141
103141
103141
103141
103141
103141
103141
103141
103141
103141
103141
103141
103141
103141
103141
103141
103141
103141
103141
103141
103141
103141
103141
103141
103140
103138
103136
103133
103131
103129
103127
103125
103124
103123
103122
103121
103121
103120
103120
103119
103119
103119
103118
103118
103118
103118
103117
103117
103117
103117
103117
103117
103116
103116
103116
103116
103116
103116
103116
103116
103115
103115
103115
103115
103115
103115
103115
103115
103115
103115
103115
103115
103115
103115
103115
103114
103114
103114
103114
103114
103114
103114
103114
103114
103114
103114
103114
103114
103114
103114
103114
103114
103114
103114
103114
103114
103114
103114
103113
103113
103113
103113
103113
103113
103113
103113
103113
103113
103113
103113
103113
103113
103113
103113
103113
103113
103113
103113
103113
103113
103113
103113
103113
103113
103113
103113
103113
103113
103113
103113
103113
103113
103113
103113
103113
103113
103113
103113
103113
103113
103113
103113
103112
103112
103112
103112
103112
103112
103112
103112
103112
103112
103112
103112
103112
103112
103112
103112
103112
103112
103112
103112
103112
103112
103112
103112
103112
103112
103112
103112
103112
103112
103112
103112
103112
103112
103112
103112
103112
103112
103112
103112
103112
103112
103112
103112
103112
103112
103112
103112
103112
103112
103112
103112
103112
103112
103112
103112
103112
103112
103112
103112
103112
103112
103112
103112
103112
103112
103112
103112
103112
103112
103112
103112
103112
103112
103112
103112
103112
103112
103112
103112
103112
103112
103112
103112
103112
103112
103112
103112
103112
103112
103112
103112
103112
103112
103112
103112
103112
103112
103112
103112
103112
103112
103112
103112
103112
103112
)
;

boundaryField
{
    boundary
    {
        type            empty;
    }
    inlet
    {
        type            zeroGradient;
    }
    outlet
    {
        type            waveTransmissive;
        gamma           1.4;
        value           uniform 103112;
    }
}


// ************************************************************************* //
