/*--------------------------------*- C++ -*----------------------------------*\
  =========                 |
  \\      /  F ield         | OpenFOAM: The Open Source CFD Toolbox
   \\    /   O peration     | Website:  https://openfoam.org
    \\  /    A nd           | Version:  7
     \\/     M anipulation  |
\*---------------------------------------------------------------------------*/
FoamFile
{
    version     2.0;
    format      ascii;
    class       vectorField;
    location    "constant/polyMesh";
    object      points;
}
// * * * * * * * * * * * * * * * * * * * * * * * * * * * * * * * * * * * * * //


504
(
(0 0 0.001847180963)
(3.256248492e-05 0 0.001847180963)
(6.512496985e-05 0 0.001847180963)
(9.768745477e-05 0 0.001847180963)
(0.0001302499397 0 0.001847180963)
(0.0001628124246 0 0.001847180963)
(0.0001953749095 0 0.001847180963)
(0.0002279373945 0 0.001847180963)
(0.0002604998794 0 0.001847180963)
(0.0002930623643 0 0.001847180963)
(0.0003256248492 0 0.001847180963)
(0.0003581873342 0 0.001847180963)
(0.0003907498191 0 0.001847180963)
(0.000423312304 0 0.001847180963)
(0.0004558747889 0 0.001847180963)
(0.0004884372739 0 0.001847180963)
(0.0005209997588 0 0.001847180963)
(0.0005535622437 0 0.001847180963)
(0.0005861247286 0 0.001847180963)
(0.0006186872136 0 0.001847180963)
(0.0006512496985 0 0.001847180963)
(0.0006838121834 0 0.001847180963)
(0.0007163746683 0 0.001847180963)
(0.0007489371533 0 0.001847180963)
(0.0007814996382 0 0.001847180963)
(0.0008140621231 0 0.001847180963)
(0.000846624608 0 0.001847180963)
(0.000879187093 0 0.001847180963)
(0.0009117495779 0 0.001847180963)
(0.0009443120628 0 0.001847180963)
(0.0009768745477 0 0.001847180963)
(0.001009437033 0 0.001847180963)
(0.001041999518 0 0.001847180963)
(0.001074562003 0 0.001847180963)
(0.001107124487 0 0.001847180963)
(0.001139686972 0 0.001847180963)
(0.001172249457 0 0.001847180963)
(0.001204811942 0 0.001847180963)
(0.001237374427 0 0.001847180963)
(0.001269936912 0 0.001847180963)
(0.001302499397 0 0.001847180963)
(0.001335061882 0 0.001847180963)
(0.001367624367 0 0.001847180963)
(0.001400186852 0 0.001847180963)
(0.001432749337 0 0.001847180963)
(0.001465311822 0 0.001847180963)
(0.001497874307 0 0.001847180963)
(0.001530436791 0 0.001847180963)
(0.001562999276 0 0.001847180963)
(0.001595561761 0 0.001847180963)
(0.001628124246 0 0.001847180963)
(0.001660686731 0 0.001847180963)
(0.001693249216 0 0.001847180963)
(0.001725811701 0 0.001847180963)
(0.001758374186 0 0.001847180963)
(0.001790936671 0 0.001847180963)
(0.001823499156 0 0.001847180963)
(0.001856061641 0 0.001847180963)
(0.001888624126 0 0.001847180963)
(0.001921186611 0 0.001847180963)
(0.001953749095 0 0.001847180963)
(0.00198631158 0 0.001847180963)
(0.002018874065 0 0.001847180963)
(0.00205143655 0 0.001847180963)
(0.002083999035 0 0.001847180963)
(0.00211656152 0 0.001847180963)
(0.002149124005 0 0.001847180963)
(0.00218168649 0 0.001847180963)
(0.002214248975 0 0.001847180963)
(0.00224681146 0 0.001847180963)
(0.002279373945 0 0.001847180963)
(0.00231193643 0 0.001847180963)
(0.002344498915 0 0.001847180963)
(0.0023770614 0 0.001847180963)
(0.002409623884 0 0.001847180963)
(0.002442186369 0 0.001847180963)
(0.002474748854 0 0.001847180963)
(0.002507311339 0 0.001847180963)
(0.002539873824 0 0.001847180963)
(0.002572436309 0 0.001847180963)
(0.002604998794 0 0.001847180963)
(0.002637561279 0 0.001847180963)
(0.002670123764 0 0.001847180963)
(0.002702686249 0 0.001847180963)
(0.002735248734 0 0.001847180963)
(0.002767811219 0 0.001847180963)
(0.002800373704 0 0.001847180963)
(0.002832936188 0 0.001847180963)
(0.002865498673 0 0.001847180963)
(0.002898061158 0 0.001847180963)
(0.002930623643 0 0.001847180963)
(0.002963186128 0 0.001847180963)
(0.002995748613 0 0.001847180963)
(0.003028311098 0 0.001847180963)
(0.003060873583 0 0.001847180963)
(0.003093436068 0 0.001847180963)
(0.003125998553 0 0.001847180963)
(0.003158561038 0 0.001847180963)
(0.003191123523 0 0.001847180963)
(0.003223686008 0 0.001847180963)
(0.003256248492 0 0.001847180963)
(0.003288810977 0 0.001847180963)
(0.003321373462 0 0.001847180963)
(0.003353935947 0 0.001847180963)
(0.003386498432 0 0.001847180963)
(0.003419060917 0 0.001847180963)
(0.003451623402 0 0.001847180963)
(0.003484185887 0 0.001847180963)
(0.003516748372 0 0.001847180963)
(0.003549310857 0 0.001847180963)
(0.003581873342 0 0.001847180963)
(0.003614435827 0 0.001847180963)
(0.003646998312 0 0.001847180963)
(0.003679560797 0 0.001847180963)
(0.003712123281 0 0.001847180963)
(0.003744685766 0 0.001847180963)
(0.003777248251 0 0.001847180963)
(0.003809810736 0 0.001847180963)
(0.003842373221 0 0.001847180963)
(0.003874935706 0 0.001847180963)
(0.003907498191 0 0.001847180963)
(0.003940060676 0 0.001847180963)
(0.003972623161 0 0.001847180963)
(0.004005185646 0 0.001847180963)
(0.004037748131 0 0.001847180963)
(0.004070310616 0 0.001847180963)
(0 0 0)
(3.256248492e-05 0 0)
(6.512496985e-05 0 0)
(9.768745477e-05 0 0)
(0.0001302499397 0 0)
(0.0001628124246 0 0)
(0.0001953749095 0 0)
(0.0002279373945 0 0)
(0.0002604998794 0 0)
(0.0002930623643 0 0)
(0.0003256248492 0 0)
(0.0003581873342 0 0)
(0.0003907498191 0 0)
(0.000423312304 0 0)
(0.0004558747889 0 0)
(0.0004884372739 0 0)
(0.0005209997588 0 0)
(0.0005535622437 0 0)
(0.0005861247286 0 0)
(0.0006186872136 0 0)
(0.0006512496985 0 0)
(0.0006838121834 0 0)
(0.0007163746683 0 0)
(0.0007489371533 0 0)
(0.0007814996382 0 0)
(0.0008140621231 0 0)
(0.000846624608 0 0)
(0.000879187093 0 0)
(0.0009117495779 0 0)
(0.0009443120628 0 0)
(0.0009768745477 0 0)
(0.001009437033 0 0)
(0.001041999518 0 0)
(0.001074562003 0 0)
(0.001107124487 0 0)
(0.001139686972 0 0)
(0.001172249457 0 0)
(0.001204811942 0 0)
(0.001237374427 0 0)
(0.001269936912 0 0)
(0.001302499397 0 0)
(0.001335061882 0 0)
(0.001367624367 0 0)
(0.001400186852 0 0)
(0.001432749337 0 0)
(0.001465311822 0 0)
(0.001497874307 0 0)
(0.001530436791 0 0)
(0.001562999276 0 0)
(0.001595561761 0 0)
(0.001628124246 0 0)
(0.001660686731 0 0)
(0.001693249216 0 0)
(0.001725811701 0 0)
(0.001758374186 0 0)
(0.001790936671 0 0)
(0.001823499156 0 0)
(0.001856061641 0 0)
(0.001888624126 0 0)
(0.001921186611 0 0)
(0.001953749095 0 0)
(0.00198631158 0 0)
(0.002018874065 0 0)
(0.00205143655 0 0)
(0.002083999035 0 0)
(0.00211656152 0 0)
(0.002149124005 0 0)
(0.00218168649 0 0)
(0.002214248975 0 0)
(0.00224681146 0 0)
(0.002279373945 0 0)
(0.00231193643 0 0)
(0.002344498915 0 0)
(0.0023770614 0 0)
(0.002409623884 0 0)
(0.002442186369 0 0)
(0.002474748854 0 0)
(0.002507311339 0 0)
(0.002539873824 0 0)
(0.002572436309 0 0)
(0.002604998794 0 0)
(0.002637561279 0 0)
(0.002670123764 0 0)
(0.002702686249 0 0)
(0.002735248734 0 0)
(0.002767811219 0 0)
(0.002800373704 0 0)
(0.002832936188 0 0)
(0.002865498673 0 0)
(0.002898061158 0 0)
(0.002930623643 0 0)
(0.002963186128 0 0)
(0.002995748613 0 0)
(0.003028311098 0 0)
(0.003060873583 0 0)
(0.003093436068 0 0)
(0.003125998553 0 0)
(0.003158561038 0 0)
(0.003191123523 0 0)
(0.003223686008 0 0)
(0.003256248492 0 0)
(0.003288810977 0 0)
(0.003321373462 0 0)
(0.003353935947 0 0)
(0.003386498432 0 0)
(0.003419060917 0 0)
(0.003451623402 0 0)
(0.003484185887 0 0)
(0.003516748372 0 0)
(0.003549310857 0 0)
(0.003581873342 0 0)
(0.003614435827 0 0)
(0.003646998312 0 0)
(0.003679560797 0 0)
(0.003712123281 0 0)
(0.003744685766 0 0)
(0.003777248251 0 0)
(0.003809810736 0 0)
(0.003842373221 0 0)
(0.003874935706 0 0)
(0.003907498191 0 0)
(0.003940060676 0 0)
(0.003972623161 0 0)
(0.004005185646 0 0)
(0.004037748131 0 0)
(0.004070310616 0 0)
(0 0.001847180963 0.001847180963)
(3.256248492e-05 0.001847180963 0.001847180963)
(6.512496985e-05 0.001847180963 0.001847180963)
(9.768745477e-05 0.001847180963 0.001847180963)
(0.0001302499397 0.001847180963 0.001847180963)
(0.0001628124246 0.001847180963 0.001847180963)
(0.0001953749095 0.001847180963 0.001847180963)
(0.0002279373945 0.001847180963 0.001847180963)
(0.0002604998794 0.001847180963 0.001847180963)
(0.0002930623643 0.001847180963 0.001847180963)
(0.0003256248492 0.001847180963 0.001847180963)
(0.0003581873342 0.001847180963 0.001847180963)
(0.0003907498191 0.001847180963 0.001847180963)
(0.000423312304 0.001847180963 0.001847180963)
(0.0004558747889 0.001847180963 0.001847180963)
(0.0004884372739 0.001847180963 0.001847180963)
(0.0005209997588 0.001847180963 0.001847180963)
(0.0005535622437 0.001847180963 0.001847180963)
(0.0005861247286 0.001847180963 0.001847180963)
(0.0006186872136 0.001847180963 0.001847180963)
(0.0006512496985 0.001847180963 0.001847180963)
(0.0006838121834 0.001847180963 0.001847180963)
(0.0007163746683 0.001847180963 0.001847180963)
(0.0007489371533 0.001847180963 0.001847180963)
(0.0007814996382 0.001847180963 0.001847180963)
(0.0008140621231 0.001847180963 0.001847180963)
(0.000846624608 0.001847180963 0.001847180963)
(0.000879187093 0.001847180963 0.001847180963)
(0.0009117495779 0.001847180963 0.001847180963)
(0.0009443120628 0.001847180963 0.001847180963)
(0.0009768745477 0.001847180963 0.001847180963)
(0.001009437033 0.001847180963 0.001847180963)
(0.001041999518 0.001847180963 0.001847180963)
(0.001074562003 0.001847180963 0.001847180963)
(0.001107124487 0.001847180963 0.001847180963)
(0.001139686972 0.001847180963 0.001847180963)
(0.001172249457 0.001847180963 0.001847180963)
(0.001204811942 0.001847180963 0.001847180963)
(0.001237374427 0.001847180963 0.001847180963)
(0.001269936912 0.001847180963 0.001847180963)
(0.001302499397 0.001847180963 0.001847180963)
(0.001335061882 0.001847180963 0.001847180963)
(0.001367624367 0.001847180963 0.001847180963)
(0.001400186852 0.001847180963 0.001847180963)
(0.001432749337 0.001847180963 0.001847180963)
(0.001465311822 0.001847180963 0.001847180963)
(0.001497874307 0.001847180963 0.001847180963)
(0.001530436791 0.001847180963 0.001847180963)
(0.001562999276 0.001847180963 0.001847180963)
(0.001595561761 0.001847180963 0.001847180963)
(0.001628124246 0.001847180963 0.001847180963)
(0.001660686731 0.001847180963 0.001847180963)
(0.001693249216 0.001847180963 0.001847180963)
(0.001725811701 0.001847180963 0.001847180963)
(0.001758374186 0.001847180963 0.001847180963)
(0.001790936671 0.001847180963 0.001847180963)
(0.001823499156 0.001847180963 0.001847180963)
(0.001856061641 0.001847180963 0.001847180963)
(0.001888624126 0.001847180963 0.001847180963)
(0.001921186611 0.001847180963 0.001847180963)
(0.001953749095 0.001847180963 0.001847180963)
(0.00198631158 0.001847180963 0.001847180963)
(0.002018874065 0.001847180963 0.001847180963)
(0.00205143655 0.001847180963 0.001847180963)
(0.002083999035 0.001847180963 0.001847180963)
(0.00211656152 0.001847180963 0.001847180963)
(0.002149124005 0.001847180963 0.001847180963)
(0.00218168649 0.001847180963 0.001847180963)
(0.002214248975 0.001847180963 0.001847180963)
(0.00224681146 0.001847180963 0.001847180963)
(0.002279373945 0.001847180963 0.001847180963)
(0.00231193643 0.001847180963 0.001847180963)
(0.002344498915 0.001847180963 0.001847180963)
(0.0023770614 0.001847180963 0.001847180963)
(0.002409623884 0.001847180963 0.001847180963)
(0.002442186369 0.001847180963 0.001847180963)
(0.002474748854 0.001847180963 0.001847180963)
(0.002507311339 0.001847180963 0.001847180963)
(0.002539873824 0.001847180963 0.001847180963)
(0.002572436309 0.001847180963 0.001847180963)
(0.002604998794 0.001847180963 0.001847180963)
(0.002637561279 0.001847180963 0.001847180963)
(0.002670123764 0.001847180963 0.001847180963)
(0.002702686249 0.001847180963 0.001847180963)
(0.002735248734 0.001847180963 0.001847180963)
(0.002767811219 0.001847180963 0.001847180963)
(0.002800373704 0.001847180963 0.001847180963)
(0.002832936188 0.001847180963 0.001847180963)
(0.002865498673 0.001847180963 0.001847180963)
(0.002898061158 0.001847180963 0.001847180963)
(0.002930623643 0.001847180963 0.001847180963)
(0.002963186128 0.001847180963 0.001847180963)
(0.002995748613 0.001847180963 0.001847180963)
(0.003028311098 0.001847180963 0.001847180963)
(0.003060873583 0.001847180963 0.001847180963)
(0.003093436068 0.001847180963 0.001847180963)
(0.003125998553 0.001847180963 0.001847180963)
(0.003158561038 0.001847180963 0.001847180963)
(0.003191123523 0.001847180963 0.001847180963)
(0.003223686008 0.001847180963 0.001847180963)
(0.003256248492 0.001847180963 0.001847180963)
(0.003288810977 0.001847180963 0.001847180963)
(0.003321373462 0.001847180963 0.001847180963)
(0.003353935947 0.001847180963 0.001847180963)
(0.003386498432 0.001847180963 0.001847180963)
(0.003419060917 0.001847180963 0.001847180963)
(0.003451623402 0.001847180963 0.001847180963)
(0.003484185887 0.001847180963 0.001847180963)
(0.003516748372 0.001847180963 0.001847180963)
(0.003549310857 0.001847180963 0.001847180963)
(0.003581873342 0.001847180963 0.001847180963)
(0.003614435827 0.001847180963 0.001847180963)
(0.003646998312 0.001847180963 0.001847180963)
(0.003679560797 0.001847180963 0.001847180963)
(0.003712123281 0.001847180963 0.001847180963)
(0.003744685766 0.001847180963 0.001847180963)
(0.003777248251 0.001847180963 0.001847180963)
(0.003809810736 0.001847180963 0.001847180963)
(0.003842373221 0.001847180963 0.001847180963)
(0.003874935706 0.001847180963 0.001847180963)
(0.003907498191 0.001847180963 0.001847180963)
(0.003940060676 0.001847180963 0.001847180963)
(0.003972623161 0.001847180963 0.001847180963)
(0.004005185646 0.001847180963 0.001847180963)
(0.004037748131 0.001847180963 0.001847180963)
(0.004070310616 0.001847180963 0.001847180963)
(0 0.001847180963 0)
(3.256248492e-05 0.001847180963 0)
(6.512496985e-05 0.001847180963 0)
(9.768745477e-05 0.001847180963 0)
(0.0001302499397 0.001847180963 0)
(0.0001628124246 0.001847180963 0)
(0.0001953749095 0.001847180963 0)
(0.0002279373945 0.001847180963 0)
(0.0002604998794 0.001847180963 0)
(0.0002930623643 0.001847180963 0)
(0.0003256248492 0.001847180963 0)
(0.0003581873342 0.001847180963 0)
(0.0003907498191 0.001847180963 0)
(0.000423312304 0.001847180963 0)
(0.0004558747889 0.001847180963 0)
(0.0004884372739 0.001847180963 0)
(0.0005209997588 0.001847180963 0)
(0.0005535622437 0.001847180963 0)
(0.0005861247286 0.001847180963 0)
(0.0006186872136 0.001847180963 0)
(0.0006512496985 0.001847180963 0)
(0.0006838121834 0.001847180963 0)
(0.0007163746683 0.001847180963 0)
(0.0007489371533 0.001847180963 0)
(0.0007814996382 0.001847180963 0)
(0.0008140621231 0.001847180963 0)
(0.000846624608 0.001847180963 0)
(0.000879187093 0.001847180963 0)
(0.0009117495779 0.001847180963 0)
(0.0009443120628 0.001847180963 0)
(0.0009768745477 0.001847180963 0)
(0.001009437033 0.001847180963 0)
(0.001041999518 0.001847180963 0)
(0.001074562003 0.001847180963 0)
(0.001107124487 0.001847180963 0)
(0.001139686972 0.001847180963 0)
(0.001172249457 0.001847180963 0)
(0.001204811942 0.001847180963 0)
(0.001237374427 0.001847180963 0)
(0.001269936912 0.001847180963 0)
(0.001302499397 0.001847180963 0)
(0.001335061882 0.001847180963 0)
(0.001367624367 0.001847180963 0)
(0.001400186852 0.001847180963 0)
(0.001432749337 0.001847180963 0)
(0.001465311822 0.001847180963 0)
(0.001497874307 0.001847180963 0)
(0.001530436791 0.001847180963 0)
(0.001562999276 0.001847180963 0)
(0.001595561761 0.001847180963 0)
(0.001628124246 0.001847180963 0)
(0.001660686731 0.001847180963 0)
(0.001693249216 0.001847180963 0)
(0.001725811701 0.001847180963 0)
(0.001758374186 0.001847180963 0)
(0.001790936671 0.001847180963 0)
(0.001823499156 0.001847180963 0)
(0.001856061641 0.001847180963 0)
(0.001888624126 0.001847180963 0)
(0.001921186611 0.001847180963 0)
(0.001953749095 0.001847180963 0)
(0.00198631158 0.001847180963 0)
(0.002018874065 0.001847180963 0)
(0.00205143655 0.001847180963 0)
(0.002083999035 0.001847180963 0)
(0.00211656152 0.001847180963 0)
(0.002149124005 0.001847180963 0)
(0.00218168649 0.001847180963 0)
(0.002214248975 0.001847180963 0)
(0.00224681146 0.001847180963 0)
(0.002279373945 0.001847180963 0)
(0.00231193643 0.001847180963 0)
(0.002344498915 0.001847180963 0)
(0.0023770614 0.001847180963 0)
(0.002409623884 0.001847180963 0)
(0.002442186369 0.001847180963 0)
(0.002474748854 0.001847180963 0)
(0.002507311339 0.001847180963 0)
(0.002539873824 0.001847180963 0)
(0.002572436309 0.001847180963 0)
(0.002604998794 0.001847180963 0)
(0.002637561279 0.001847180963 0)
(0.002670123764 0.001847180963 0)
(0.002702686249 0.001847180963 0)
(0.002735248734 0.001847180963 0)
(0.002767811219 0.001847180963 0)
(0.002800373704 0.001847180963 0)
(0.002832936188 0.001847180963 0)
(0.002865498673 0.001847180963 0)
(0.002898061158 0.001847180963 0)
(0.002930623643 0.001847180963 0)
(0.002963186128 0.001847180963 0)
(0.002995748613 0.001847180963 0)
(0.003028311098 0.001847180963 0)
(0.003060873583 0.001847180963 0)
(0.003093436068 0.001847180963 0)
(0.003125998553 0.001847180963 0)
(0.003158561038 0.001847180963 0)
(0.003191123523 0.001847180963 0)
(0.003223686008 0.001847180963 0)
(0.003256248492 0.001847180963 0)
(0.003288810977 0.001847180963 0)
(0.003321373462 0.001847180963 0)
(0.003353935947 0.001847180963 0)
(0.003386498432 0.001847180963 0)
(0.003419060917 0.001847180963 0)
(0.003451623402 0.001847180963 0)
(0.003484185887 0.001847180963 0)
(0.003516748372 0.001847180963 0)
(0.003549310857 0.001847180963 0)
(0.003581873342 0.001847180963 0)
(0.003614435827 0.001847180963 0)
(0.003646998312 0.001847180963 0)
(0.003679560797 0.001847180963 0)
(0.003712123281 0.001847180963 0)
(0.003744685766 0.001847180963 0)
(0.003777248251 0.001847180963 0)
(0.003809810736 0.001847180963 0)
(0.003842373221 0.001847180963 0)
(0.003874935706 0.001847180963 0)
(0.003907498191 0.001847180963 0)
(0.003940060676 0.001847180963 0)
(0.003972623161 0.001847180963 0)
(0.004005185646 0.001847180963 0)
(0.004037748131 0.001847180963 0)
(0.004070310616 0.001847180963 0)
)


// ************************************************************************* //
