/*--------------------------------*- C++ -*----------------------------------*\
  =========                 |
  \\      /  F ield         | OpenFOAM: The Open Source CFD Toolbox
   \\    /   O peration     | Website:  https://openfoam.org
    \\  /    A nd           | Version:  7
     \\/     M anipulation  |
\*---------------------------------------------------------------------------*/
FoamFile
{
    version     2.0;
    format      ascii;
    class       volVectorField;
    location    "0.00057";
    object      U;
}
// * * * * * * * * * * * * * * * * * * * * * * * * * * * * * * * * * * * * * //

dimensions      [0 1 -1 0 0 0 0];

internalField   nonuniform List<vector> 
125
(
(2.34898 0 0)
(2.3492 0 0)
(2.34942 0 0)
(2.34963 0 0)
(2.34982 0 0)
(2.35001 0 0)
(2.3502 0 0)
(2.35039 0 0)
(2.35058 0 0)
(2.35076 0 0)
(2.35095 0 0)
(2.35113 0 0)
(2.35132 0 0)
(2.35151 0 0)
(2.35169 0 0)
(2.35188 0 0)
(2.35207 0 0)
(2.35227 0 0)
(2.35246 0 0)
(2.35266 0 0)
(2.35285 0 0)
(2.35306 0 0)
(2.35326 0 0)
(2.35347 0 0)
(2.35368 0 0)
(2.35389 0 0)
(2.3541 0 0)
(2.35432 0 0)
(2.35453 0 0)
(2.35475 0 0)
(2.35496 0 0)
(2.35518 0 0)
(2.35539 0 0)
(2.3556 0 0)
(2.35581 0 0)
(2.35601 0 0)
(2.3562 0 0)
(2.35639 0 0)
(2.35658 0 0)
(2.35676 0 0)
(2.35693 0 0)
(2.3571 0 0)
(2.35726 0 0)
(2.35742 0 0)
(2.35758 0 0)
(2.35773 0 0)
(2.35788 0 0)
(2.35803 0 0)
(2.35818 0 0)
(2.35833 0 0)
(2.35849 0 0)
(2.35864 0 0)
(2.35879 0 0)
(2.35895 0 0)
(2.35911 0 0)
(2.35927 0 0)
(2.35943 0 0)
(2.3596 0 0)
(2.35977 0 0)
(2.35994 0 0)
(2.36011 0 0)
(2.36028 0 0)
(2.36046 0 0)
(2.36064 0 0)
(2.36082 0 0)
(2.36099 0 0)
(2.36117 0 0)
(2.36135 0 0)
(2.36153 0 0)
(2.36172 0 0)
(2.3619 0 0)
(2.36208 0 0)
(2.36226 0 0)
(2.36244 0 0)
(2.36262 0 0)
(2.36281 0 0)
(2.36299 0 0)
(2.36317 0 0)
(2.36335 0 0)
(2.36354 0 0)
(2.36372 0 0)
(2.3639 0 0)
(2.36408 0 0)
(2.36426 0 0)
(2.36444 0 0)
(2.36463 0 0)
(2.36481 0 0)
(2.36499 0 0)
(2.36517 0 0)
(2.36535 0 0)
(2.36554 0 0)
(2.36572 0 0)
(2.3659 0 0)
(2.36608 0 0)
(2.36626 0 0)
(2.36644 0 0)
(2.36662 0 0)
(2.36681 0 0)
(2.36699 0 0)
(2.36717 0 0)
(2.36735 0 0)
(2.36753 0 0)
(2.36771 0 0)
(2.36789 0 0)
(2.36807 0 0)
(2.36826 0 0)
(2.36844 0 0)
(2.36862 0 0)
(2.3688 0 0)
(2.36898 0 0)
(2.36916 0 0)
(2.36934 0 0)
(2.36952 0 0)
(2.3697 0 0)
(2.36988 0 0)
(2.37006 0 0)
(2.37024 0 0)
(2.37043 0 0)
(2.37061 0 0)
(2.37079 0 0)
(2.37097 0 0)
(2.37115 0 0)
(2.37133 0 0)
(2.37151 0 0)
(2.3717 0 0)
)
;

boundaryField
{
    boundary
    {
        type            empty;
    }
    inlet
    {
        type            fixedValue;
        value           uniform (2.34893 0 0);
    }
    outlet
    {
        type            zeroGradient;
    }
    procBoundary2to3
    {
        type            processor;
        value           uniform (2.37189 0 0);
    }
}


// ************************************************************************* //
