/*--------------------------------*- C++ -*----------------------------------*\
  =========                 |
  \\      /  F ield         | OpenFOAM: The Open Source CFD Toolbox
   \\    /   O peration     | Website:  https://openfoam.org
    \\  /    A nd           | Version:  7
     \\/     M anipulation  |
\*---------------------------------------------------------------------------*/
FoamFile
{
    version     2.0;
    format      ascii;
    class       volVectorField;
    location    "0.00043";
    object      U;
}
// * * * * * * * * * * * * * * * * * * * * * * * * * * * * * * * * * * * * * //

dimensions      [0 1 -1 0 0 0 0];

internalField   nonuniform List<vector> 
125
(
(2.32854 0 0)
(2.32846 0 0)
(2.32836 0 0)
(2.32827 0 0)
(2.32817 0 0)
(2.32808 0 0)
(2.32799 0 0)
(2.3279 0 0)
(2.3278 0 0)
(2.32771 0 0)
(2.32762 0 0)
(2.32752 0 0)
(2.32743 0 0)
(2.32733 0 0)
(2.32724 0 0)
(2.32714 0 0)
(2.32705 0 0)
(2.32696 0 0)
(2.32692 0 0)
(2.32702 0 0)
(2.3276 0 0)
(2.32974 0 0)
(2.3365 0 0)
(2.35568 0 0)
(2.40494 0 0)
(2.52265 0 0)
(2.78986 0 0)
(3.35282 0 0)
(4.3243 0 0)
(5.53527 0 0)
(6.75678 0 0)
(7.86676 0 0)
(8.83407 0 0)
(9.65455 0 0)
(10.3412 0 0)
(10.9111 0 0)
(11.3696 0 0)
(11.7318 0 0)
(12.0268 0 0)
(12.2774 0 0)
(12.4951 0 0)
(12.6866 0 0)
(12.8566 0 0)
(13.009 0 0)
(13.1469 0 0)
(13.2725 0 0)
(13.3877 0 0)
(13.4939 0 0)
(13.5921 0 0)
(13.6835 0 0)
(13.7687 0 0)
(13.8484 0 0)
(13.9232 0 0)
(13.9937 0 0)
(14.0601 0 0)
(14.123 0 0)
(14.1825 0 0)
(14.2389 0 0)
(14.2926 0 0)
(14.3435 0 0)
(14.3921 0 0)
(14.4371 0 0)
(14.4792 0 0)
(14.52 0 0)
(14.5593 0 0)
(14.5972 0 0)
(14.6339 0 0)
(14.6693 0 0)
(14.7036 0 0)
(14.7368 0 0)
(14.7689 0 0)
(14.8001 0 0)
(14.8303 0 0)
(14.8597 0 0)
(14.8883 0 0)
(14.916 0 0)
(14.943 0 0)
(14.9692 0 0)
(14.9948 0 0)
(15.0197 0 0)
(15.044 0 0)
(15.0676 0 0)
(15.0907 0 0)
(15.1133 0 0)
(15.1353 0 0)
(15.1567 0 0)
(15.1777 0 0)
(15.1982 0 0)
(15.2183 0 0)
(15.2379 0 0)
(15.2571 0 0)
(15.2759 0 0)
(15.2943 0 0)
(15.3123 0 0)
(15.33 0 0)
(15.3473 0 0)
(15.3642 0 0)
(15.3809 0 0)
(15.3972 0 0)
(15.4132 0 0)
(15.4289 0 0)
(15.4443 0 0)
(15.4594 0 0)
(15.4742 0 0)
(15.4888 0 0)
(15.5032 0 0)
(15.5173 0 0)
(15.5311 0 0)
(15.5447 0 0)
(15.5581 0 0)
(15.5713 0 0)
(15.5842 0 0)
(15.597 0 0)
(15.6095 0 0)
(15.6219 0 0)
(15.634 0 0)
(15.646 0 0)
(15.6578 0 0)
(15.6694 0 0)
(15.6809 0 0)
(15.6922 0 0)
(15.7033 0 0)
(15.7144 0 0)
(15.7252 0 0)
(15.736 0 0)
)
;

boundaryField
{
    boundary
    {
        type            empty;
    }
    inlet
    {
        type            fixedValue;
        value           nonuniform 0();
    }
    outlet
    {
        type            zeroGradient;
    }
    procBoundary1to0
    {
        type            processor;
        value           uniform (15.7466 0 0);
    }
    procBoundary1to3
    {
        type            processor;
        value           uniform (2.32864 0 0);
    }
}


// ************************************************************************* //
