/*--------------------------------*- C++ -*----------------------------------*\
  =========                 |
  \\      /  F ield         | OpenFOAM: The Open Source CFD Toolbox
   \\    /   O peration     | Website:  https://openfoam.org
    \\  /    A nd           | Version:  7
     \\/     M anipulation  |
\*---------------------------------------------------------------------------*/
FoamFile
{
    version     2.0;
    format      ascii;
    class       volVectorField;
    location    "0.00057";
    object      U;
}
// * * * * * * * * * * * * * * * * * * * * * * * * * * * * * * * * * * * * * //

dimensions      [0 1 -1 0 0 0 0];

internalField   nonuniform List<vector> 
125
(
(2.39388 0 0)
(2.39403 0 0)
(2.3942 0 0)
(2.39437 0 0)
(2.39454 0 0)
(2.39471 0 0)
(2.39488 0 0)
(2.39504 0 0)
(2.39521 0 0)
(2.39538 0 0)
(2.39554 0 0)
(2.39571 0 0)
(2.39588 0 0)
(2.39604 0 0)
(2.39621 0 0)
(2.39637 0 0)
(2.39655 0 0)
(2.39675 0 0)
(2.39704 0 0)
(2.39767 0 0)
(2.39931 0 0)
(2.40401 0 0)
(2.4172 0 0)
(2.45165 0 0)
(2.53501 0 0)
(2.72744 0 0)
(3.13915 0 0)
(3.94631 0 0)
(5.08397 0 0)
(6.32443 0 0)
(7.49012 0 0)
(8.52245 0 0)
(9.40902 0 0)
(10.1473 0 0)
(10.7577 0 0)
(11.2653 0 0)
(11.6764 0 0)
(12.003 0 0)
(12.2713 0 0)
(12.5016 0 0)
(12.7037 0 0)
(12.8826 0 0)
(13.0425 0 0)
(13.1866 0 0)
(13.3174 0 0)
(13.4371 0 0)
(13.5472 0 0)
(13.6489 0 0)
(13.7433 0 0)
(13.8312 0 0)
(13.9134 0 0)
(13.9905 0 0)
(14.0629 0 0)
(14.1312 0 0)
(14.1957 0 0)
(14.2568 0 0)
(14.3147 0 0)
(14.3698 0 0)
(14.4221 0 0)
(14.472 0 0)
(14.5195 0 0)
(14.5636 0 0)
(14.6049 0 0)
(14.6449 0 0)
(14.6835 0 0)
(14.7208 0 0)
(14.7569 0 0)
(14.7918 0 0)
(14.8256 0 0)
(14.8584 0 0)
(14.8902 0 0)
(14.921 0 0)
(14.9509 0 0)
(14.98 0 0)
(15.0083 0 0)
(15.0358 0 0)
(15.0626 0 0)
(15.0887 0 0)
(15.1141 0 0)
(15.1389 0 0)
(15.163 0 0)
(15.1866 0 0)
(15.2096 0 0)
(15.2321 0 0)
(15.254 0 0)
(15.2755 0 0)
(15.2964 0 0)
(15.3169 0 0)
(15.337 0 0)
(15.3566 0 0)
(15.3759 0 0)
(15.3947 0 0)
(15.4131 0 0)
(15.4312 0 0)
(15.4489 0 0)
(15.4663 0 0)
(15.4833 0 0)
(15.5 0 0)
(15.5165 0 0)
(15.5326 0 0)
(15.5484 0 0)
(15.5639 0 0)
(15.5791 0 0)
(15.5941 0 0)
(15.6088 0 0)
(15.6233 0 0)
(15.6375 0 0)
(15.6515 0 0)
(15.6653 0 0)
(15.6788 0 0)
(15.6921 0 0)
(15.7052 0 0)
(15.7181 0 0)
(15.7308 0 0)
(15.7433 0 0)
(15.7556 0 0)
(15.7678 0 0)
(15.7797 0 0)
(15.7915 0 0)
(15.8031 0 0)
(15.8145 0 0)
(15.8258 0 0)
(15.8369 0 0)
(15.8478 0 0)
(15.8586 0 0)
)
;

boundaryField
{
    boundary
    {
        type            empty;
    }
    inlet
    {
        type            fixedValue;
        value           nonuniform 0();
    }
    outlet
    {
        type            zeroGradient;
    }
    procBoundary1to0
    {
        type            processor;
        value           uniform (15.8692 0 0);
    }
    procBoundary1to3
    {
        type            processor;
        value           uniform (2.39371 0 0);
    }
}


// ************************************************************************* //
