/*--------------------------------*- C++ -*----------------------------------*\
  =========                 |
  \\      /  F ield         | OpenFOAM: The Open Source CFD Toolbox
   \\    /   O peration     | Website:  https://openfoam.org
    \\  /    A nd           | Version:  7
     \\/     M anipulation  |
\*---------------------------------------------------------------------------*/
FoamFile
{
    version     2.0;
    format      ascii;
    class       volVectorField;
    location    "0.00058";
    object      U;
}
// * * * * * * * * * * * * * * * * * * * * * * * * * * * * * * * * * * * * * //

dimensions      [0 1 -1 0 0 0 0];

internalField   nonuniform List<vector> 
125
(
(2.34898 0 0)
(2.3492 0 0)
(2.34945 0 0)
(2.34967 0 0)
(2.34987 0 0)
(2.35008 0 0)
(2.35028 0 0)
(2.35048 0 0)
(2.35068 0 0)
(2.35088 0 0)
(2.35108 0 0)
(2.35128 0 0)
(2.35148 0 0)
(2.35168 0 0)
(2.35188 0 0)
(2.35208 0 0)
(2.35228 0 0)
(2.35248 0 0)
(2.35269 0 0)
(2.35289 0 0)
(2.3531 0 0)
(2.35331 0 0)
(2.35353 0 0)
(2.35375 0 0)
(2.35397 0 0)
(2.35419 0 0)
(2.35441 0 0)
(2.35464 0 0)
(2.35486 0 0)
(2.35509 0 0)
(2.35532 0 0)
(2.35555 0 0)
(2.35577 0 0)
(2.356 0 0)
(2.35622 0 0)
(2.35643 0 0)
(2.35664 0 0)
(2.35685 0 0)
(2.35705 0 0)
(2.35725 0 0)
(2.35744 0 0)
(2.35762 0 0)
(2.3578 0 0)
(2.35798 0 0)
(2.35815 0 0)
(2.35832 0 0)
(2.35848 0 0)
(2.35865 0 0)
(2.35881 0 0)
(2.35897 0 0)
(2.35913 0 0)
(2.3593 0 0)
(2.35946 0 0)
(2.35963 0 0)
(2.3598 0 0)
(2.35997 0 0)
(2.36015 0 0)
(2.36032 0 0)
(2.3605 0 0)
(2.36068 0 0)
(2.36087 0 0)
(2.36105 0 0)
(2.36124 0 0)
(2.36143 0 0)
(2.36162 0 0)
(2.36181 0 0)
(2.362 0 0)
(2.36219 0 0)
(2.36238 0 0)
(2.36258 0 0)
(2.36277 0 0)
(2.36296 0 0)
(2.36316 0 0)
(2.36335 0 0)
(2.36355 0 0)
(2.36374 0 0)
(2.36393 0 0)
(2.36413 0 0)
(2.36432 0 0)
(2.36452 0 0)
(2.36471 0 0)
(2.36491 0 0)
(2.3651 0 0)
(2.36529 0 0)
(2.36549 0 0)
(2.36568 0 0)
(2.36588 0 0)
(2.36607 0 0)
(2.36627 0 0)
(2.36646 0 0)
(2.36665 0 0)
(2.36685 0 0)
(2.36704 0 0)
(2.36724 0 0)
(2.36743 0 0)
(2.36762 0 0)
(2.36782 0 0)
(2.36801 0 0)
(2.36821 0 0)
(2.3684 0 0)
(2.36859 0 0)
(2.36879 0 0)
(2.36898 0 0)
(2.36917 0 0)
(2.36937 0 0)
(2.36956 0 0)
(2.36976 0 0)
(2.36995 0 0)
(2.37014 0 0)
(2.37034 0 0)
(2.37053 0 0)
(2.37072 0 0)
(2.37092 0 0)
(2.37111 0 0)
(2.3713 0 0)
(2.3715 0 0)
(2.37169 0 0)
(2.37188 0 0)
(2.37208 0 0)
(2.37227 0 0)
(2.37246 0 0)
(2.37266 0 0)
(2.37285 0 0)
(2.37304 0 0)
(2.37325 0 0)
)
;

boundaryField
{
    boundary
    {
        type            empty;
    }
    inlet
    {
        type            fixedValue;
        value           uniform (2.34893 0 0);
    }
    outlet
    {
        type            zeroGradient;
    }
    procBoundary2to3
    {
        type            processor;
        value           uniform (2.37345 0 0);
    }
}


// ************************************************************************* //
