/*--------------------------------*- C++ -*----------------------------------*\
  =========                 |
  \\      /  F ield         | OpenFOAM: The Open Source CFD Toolbox
   \\    /   O peration     | Website:  https://openfoam.org
    \\  /    A nd           | Version:  7
     \\/     M anipulation  |
\*---------------------------------------------------------------------------*/
FoamFile
{
    version     2.0;
    format      ascii;
    class       volVectorField;
    location    "0.0003";
    object      U;
}
// * * * * * * * * * * * * * * * * * * * * * * * * * * * * * * * * * * * * * //

dimensions      [0 1 -1 0 0 0 0];

internalField   nonuniform List<vector> 
124
(
(15.7363 0 0)
(15.7469 0 0)
(15.7574 0 0)
(15.7679 0 0)
(15.7783 0 0)
(15.7886 0 0)
(15.7987 0 0)
(15.8088 0 0)
(15.8188 0 0)
(15.8286 0 0)
(15.8384 0 0)
(15.848 0 0)
(15.8576 0 0)
(15.8669 0 0)
(15.8762 0 0)
(15.8853 0 0)
(15.8942 0 0)
(15.9029 0 0)
(15.9115 0 0)
(15.9198 0 0)
(15.928 0 0)
(15.9359 0 0)
(15.9435 0 0)
(15.9509 0 0)
(15.958 0 0)
(15.9648 0 0)
(15.9713 0 0)
(15.9775 0 0)
(15.9833 0 0)
(15.9889 0 0)
(15.994 0 0)
(15.9989 0 0)
(16.0033 0 0)
(16.0075 0 0)
(16.0113 0 0)
(16.0147 0 0)
(16.0178 0 0)
(16.0205 0 0)
(16.0229 0 0)
(16.0251 0 0)
(16.0269 0 0)
(16.0284 0 0)
(16.0296 0 0)
(16.0306 0 0)
(16.0314 0 0)
(16.032 0 0)
(16.0323 0 0)
(16.0325 0 0)
(16.0325 0 0)
(16.0325 0 0)
(16.0323 0 0)
(16.032 0 0)
(16.0316 0 0)
(16.0312 0 0)
(16.0308 0 0)
(16.0304 0 0)
(16.0299 0 0)
(16.0295 0 0)
(16.0291 0 0)
(16.0287 0 0)
(16.0284 0 0)
(16.0281 0 0)
(16.0279 0 0)
(16.0278 0 0)
(16.0277 0 0)
(16.0277 0 0)
(16.0277 0 0)
(16.0279 0 0)
(16.0281 0 0)
(16.0283 0 0)
(16.0286 0 0)
(16.029 0 0)
(16.0294 0 0)
(16.0299 0 0)
(16.0304 0 0)
(16.0309 0 0)
(16.0315 0 0)
(16.0321 0 0)
(16.0327 0 0)
(16.0333 0 0)
(16.034 0 0)
(16.0346 0 0)
(16.0352 0 0)
(16.0358 0 0)
(16.0364 0 0)
(16.037 0 0)
(16.0376 0 0)
(16.0381 0 0)
(16.0386 0 0)
(16.0391 0 0)
(16.0396 0 0)
(16.04 0 0)
(16.0404 0 0)
(16.0408 0 0)
(16.0411 0 0)
(16.0414 0 0)
(16.0417 0 0)
(16.0419 0 0)
(16.0422 0 0)
(16.0424 0 0)
(16.0425 0 0)
(16.0426 0 0)
(16.0427 0 0)
(16.0428 0 0)
(16.0429 0 0)
(16.0429 0 0)
(16.0429 0 0)
(16.0429 0 0)
(16.0429 0 0)
(16.0428 0 0)
(16.0427 0 0)
(16.0427 0 0)
(16.0426 0 0)
(16.0425 0 0)
(16.0423 0 0)
(16.0422 0 0)
(16.042 0 0)
(16.0419 0 0)
(16.0417 0 0)
(16.0416 0 0)
(16.0414 0 0)
(16.0412 0 0)
(16.041 0 0)
(16.0408 0 0)
)
;

boundaryField
{
    boundary
    {
        type            empty;
    }
    inlet
    {
        type            fixedValue;
        value           nonuniform 0();
    }
    outlet
    {
        type            zeroGradient;
    }
    procBoundary0to1
    {
        type            processor;
        value           uniform (15.7254 0 0);
    }
}


// ************************************************************************* //
