/*--------------------------------*- C++ -*----------------------------------*\
  =========                 |
  \\      /  F ield         | OpenFOAM: The Open Source CFD Toolbox
   \\    /   O peration     | Website:  https://openfoam.org
    \\  /    A nd           | Version:  7
     \\/     M anipulation  |
\*---------------------------------------------------------------------------*/
FoamFile
{
    version     2.0;
    format      ascii;
    class       volVectorField;
    location    "0.00089";
    object      U;
}
// * * * * * * * * * * * * * * * * * * * * * * * * * * * * * * * * * * * * * //

dimensions      [0 1 -1 0 0 0 0];

internalField   nonuniform List<vector> 
126
(
(2.34652 0 0)
(2.3465 0 0)
(2.34648 0 0)
(2.34647 0 0)
(2.34645 0 0)
(2.34643 0 0)
(2.34641 0 0)
(2.34639 0 0)
(2.34637 0 0)
(2.34635 0 0)
(2.34633 0 0)
(2.34631 0 0)
(2.34629 0 0)
(2.34627 0 0)
(2.34626 0 0)
(2.34624 0 0)
(2.34622 0 0)
(2.3462 0 0)
(2.34618 0 0)
(2.34616 0 0)
(2.34614 0 0)
(2.34612 0 0)
(2.3461 0 0)
(2.34608 0 0)
(2.34606 0 0)
(2.34604 0 0)
(2.34602 0 0)
(2.346 0 0)
(2.34598 0 0)
(2.34596 0 0)
(2.34594 0 0)
(2.34592 0 0)
(2.3459 0 0)
(2.34588 0 0)
(2.34585 0 0)
(2.34583 0 0)
(2.34581 0 0)
(2.34579 0 0)
(2.34577 0 0)
(2.34575 0 0)
(2.34573 0 0)
(2.3457 0 0)
(2.34568 0 0)
(2.34566 0 0)
(2.34564 0 0)
(2.34561 0 0)
(2.34559 0 0)
(2.34557 0 0)
(2.34554 0 0)
(2.34552 0 0)
(2.34549 0 0)
(2.34547 0 0)
(2.34544 0 0)
(2.34542 0 0)
(2.34539 0 0)
(2.34537 0 0)
(2.34534 0 0)
(2.34531 0 0)
(2.34529 0 0)
(2.34526 0 0)
(2.34523 0 0)
(2.3452 0 0)
(2.34517 0 0)
(2.34514 0 0)
(2.34511 0 0)
(2.34508 0 0)
(2.34505 0 0)
(2.34501 0 0)
(2.34498 0 0)
(2.34495 0 0)
(2.34491 0 0)
(2.34488 0 0)
(2.34484 0 0)
(2.34481 0 0)
(2.34477 0 0)
(2.34473 0 0)
(2.34469 0 0)
(2.34465 0 0)
(2.34461 0 0)
(2.34457 0 0)
(2.34453 0 0)
(2.34449 0 0)
(2.34444 0 0)
(2.3444 0 0)
(2.34435 0 0)
(2.34431 0 0)
(2.34426 0 0)
(2.34421 0 0)
(2.34416 0 0)
(2.34411 0 0)
(2.34406 0 0)
(2.34401 0 0)
(2.34396 0 0)
(2.34391 0 0)
(2.34386 0 0)
(2.3438 0 0)
(2.34375 0 0)
(2.34369 0 0)
(2.34364 0 0)
(2.34358 0 0)
(2.34353 0 0)
(2.34347 0 0)
(2.34342 0 0)
(2.34336 0 0)
(2.34331 0 0)
(2.34325 0 0)
(2.3432 0 0)
(2.34314 0 0)
(2.34309 0 0)
(2.34304 0 0)
(2.34299 0 0)
(2.34294 0 0)
(2.34289 0 0)
(2.34284 0 0)
(2.3428 0 0)
(2.34275 0 0)
(2.34271 0 0)
(2.34267 0 0)
(2.34263 0 0)
(2.34259 0 0)
(2.34256 0 0)
(2.34253 0 0)
(2.3425 0 0)
(2.34248 0 0)
(2.34245 0 0)
(2.34243 0 0)
)
;

boundaryField
{
    boundary
    {
        type            empty;
    }
    inlet
    {
        type            fixedValue;
        value           nonuniform 0();
    }
    outlet
    {
        type            zeroGradient;
    }
    procBoundary3to1
    {
        type            processor;
        value           uniform (2.34242 0 0);
    }
    procBoundary3to2
    {
        type            processor;
        value           uniform (2.34654 0 0);
    }
}


// ************************************************************************* //
