/*--------------------------------*- C++ -*----------------------------------*\
  =========                 |
  \\      /  F ield         | OpenFOAM: The Open Source CFD Toolbox
   \\    /   O peration     | Website:  https://openfoam.org
    \\  /    A nd           | Version:  7
     \\/     M anipulation  |
\*---------------------------------------------------------------------------*/
FoamFile
{
    version     2.0;
    format      ascii;
    class       volVectorField;
    location    "0.0003";
    object      U;
}
// * * * * * * * * * * * * * * * * * * * * * * * * * * * * * * * * * * * * * //

dimensions      [0 1 -1 0 0 0 0];

internalField   nonuniform List<vector> 
125
(
(2.34891 0 0)
(2.34881 0 0)
(2.3487 0 0)
(2.3486 0 0)
(2.34852 0 0)
(2.34844 0 0)
(2.34836 0 0)
(2.3483 0 0)
(2.34824 0 0)
(2.34818 0 0)
(2.34813 0 0)
(2.34809 0 0)
(2.34805 0 0)
(2.34801 0 0)
(2.34796 0 0)
(2.34791 0 0)
(2.34785 0 0)
(2.34777 0 0)
(2.34768 0 0)
(2.34758 0 0)
(2.34746 0 0)
(2.34732 0 0)
(2.34718 0 0)
(2.34702 0 0)
(2.34686 0 0)
(2.34669 0 0)
(2.34652 0 0)
(2.34635 0 0)
(2.34619 0 0)
(2.34603 0 0)
(2.34588 0 0)
(2.34573 0 0)
(2.34559 0 0)
(2.34546 0 0)
(2.34533 0 0)
(2.34521 0 0)
(2.34509 0 0)
(2.34497 0 0)
(2.34486 0 0)
(2.34475 0 0)
(2.34464 0 0)
(2.34454 0 0)
(2.34443 0 0)
(2.34432 0 0)
(2.34422 0 0)
(2.34411 0 0)
(2.34401 0 0)
(2.3439 0 0)
(2.3438 0 0)
(2.34369 0 0)
(2.34359 0 0)
(2.34349 0 0)
(2.34338 0 0)
(2.34328 0 0)
(2.34317 0 0)
(2.34307 0 0)
(2.34296 0 0)
(2.34286 0 0)
(2.34276 0 0)
(2.34265 0 0)
(2.34255 0 0)
(2.34245 0 0)
(2.34234 0 0)
(2.34224 0 0)
(2.34213 0 0)
(2.34203 0 0)
(2.34193 0 0)
(2.34182 0 0)
(2.34172 0 0)
(2.34162 0 0)
(2.34151 0 0)
(2.34141 0 0)
(2.34131 0 0)
(2.34121 0 0)
(2.3411 0 0)
(2.341 0 0)
(2.3409 0 0)
(2.34079 0 0)
(2.34069 0 0)
(2.34059 0 0)
(2.34049 0 0)
(2.34038 0 0)
(2.34028 0 0)
(2.34018 0 0)
(2.34008 0 0)
(2.33997 0 0)
(2.33987 0 0)
(2.33977 0 0)
(2.33967 0 0)
(2.33957 0 0)
(2.33946 0 0)
(2.33936 0 0)
(2.33926 0 0)
(2.33916 0 0)
(2.33906 0 0)
(2.33896 0 0)
(2.33886 0 0)
(2.33875 0 0)
(2.33865 0 0)
(2.33855 0 0)
(2.33845 0 0)
(2.33835 0 0)
(2.33825 0 0)
(2.33815 0 0)
(2.33805 0 0)
(2.33795 0 0)
(2.33785 0 0)
(2.33775 0 0)
(2.33765 0 0)
(2.33754 0 0)
(2.33744 0 0)
(2.33734 0 0)
(2.33724 0 0)
(2.33714 0 0)
(2.33704 0 0)
(2.33694 0 0)
(2.33684 0 0)
(2.33674 0 0)
(2.33665 0 0)
(2.33655 0 0)
(2.33645 0 0)
(2.33635 0 0)
(2.33625 0 0)
(2.33615 0 0)
(2.33605 0 0)
)
;

boundaryField
{
    boundary
    {
        type            empty;
    }
    inlet
    {
        type            fixedValue;
        value           uniform (2.34893 0 0);
    }
    outlet
    {
        type            zeroGradient;
    }
    procBoundary2to3
    {
        type            processor;
        value           uniform (2.33595 0 0);
    }
}


// ************************************************************************* //
