/*--------------------------------*- C++ -*----------------------------------*\
  =========                 |
  \\      /  F ield         | OpenFOAM: The Open Source CFD Toolbox
   \\    /   O peration     | Website:  https://openfoam.org
    \\  /    A nd           | Version:  7
     \\/     M anipulation  |
\*---------------------------------------------------------------------------*/
FoamFile
{
    version     2.0;
    format      ascii;
    class       volVectorField;
    location    "0.00054";
    object      U;
}
// * * * * * * * * * * * * * * * * * * * * * * * * * * * * * * * * * * * * * //

dimensions      [0 1 -1 0 0 0 0];

internalField   nonuniform List<vector> 
124
(
(15.8327 0 0)
(15.8433 0 0)
(15.8536 0 0)
(15.8637 0 0)
(15.8737 0 0)
(15.8836 0 0)
(15.8934 0 0)
(15.903 0 0)
(15.9125 0 0)
(15.9219 0 0)
(15.9312 0 0)
(15.9404 0 0)
(15.9494 0 0)
(15.9584 0 0)
(15.9672 0 0)
(15.9759 0 0)
(15.9845 0 0)
(15.9931 0 0)
(16.0015 0 0)
(16.0098 0 0)
(16.018 0 0)
(16.0262 0 0)
(16.0342 0 0)
(16.0422 0 0)
(16.05 0 0)
(16.0578 0 0)
(16.0655 0 0)
(16.0731 0 0)
(16.0806 0 0)
(16.0881 0 0)
(16.0954 0 0)
(16.1027 0 0)
(16.1099 0 0)
(16.117 0 0)
(16.1241 0 0)
(16.1311 0 0)
(16.138 0 0)
(16.1448 0 0)
(16.1515 0 0)
(16.1582 0 0)
(16.1649 0 0)
(16.1714 0 0)
(16.1779 0 0)
(16.1844 0 0)
(16.1906 0 0)
(16.1966 0 0)
(16.203 0 0)
(16.2093 0 0)
(16.2155 0 0)
(16.2216 0 0)
(16.2275 0 0)
(16.2334 0 0)
(16.2393 0 0)
(16.2451 0 0)
(16.2508 0 0)
(16.2565 0 0)
(16.2622 0 0)
(16.2678 0 0)
(16.2733 0 0)
(16.2788 0 0)
(16.2843 0 0)
(16.2896 0 0)
(16.295 0 0)
(16.3003 0 0)
(16.3056 0 0)
(16.3108 0 0)
(16.316 0 0)
(16.3211 0 0)
(16.3262 0 0)
(16.3313 0 0)
(16.3363 0 0)
(16.3414 0 0)
(16.3463 0 0)
(16.3513 0 0)
(16.3563 0 0)
(16.3612 0 0)
(16.3661 0 0)
(16.371 0 0)
(16.3759 0 0)
(16.3807 0 0)
(16.3855 0 0)
(16.3904 0 0)
(16.3952 0 0)
(16.3999 0 0)
(16.4047 0 0)
(16.4094 0 0)
(16.4142 0 0)
(16.4188 0 0)
(16.4235 0 0)
(16.4281 0 0)
(16.4327 0 0)
(16.4372 0 0)
(16.4417 0 0)
(16.4461 0 0)
(16.4505 0 0)
(16.4548 0 0)
(16.459 0 0)
(16.4631 0 0)
(16.4671 0 0)
(16.4711 0 0)
(16.4749 0 0)
(16.4786 0 0)
(16.4823 0 0)
(16.4857 0 0)
(16.4891 0 0)
(16.4923 0 0)
(16.4954 0 0)
(16.4983 0 0)
(16.5011 0 0)
(16.5038 0 0)
(16.5063 0 0)
(16.5086 0 0)
(16.5109 0 0)
(16.513 0 0)
(16.5149 0 0)
(16.5168 0 0)
(16.5186 0 0)
(16.5204 0 0)
(16.522 0 0)
(16.5235 0 0)
(16.525 0 0)
(16.5255 0 0)
(16.5239 0 0)
(16.5168 0 0)
)
;

boundaryField
{
    boundary
    {
        type            empty;
    }
    inlet
    {
        type            fixedValue;
        value           nonuniform 0();
    }
    outlet
    {
        type            zeroGradient;
    }
    procBoundary0to1
    {
        type            processor;
        value           uniform (15.8222 0 0);
    }
}


// ************************************************************************* //
