/*--------------------------------*- C++ -*----------------------------------*\
  =========                 |
  \\      /  F ield         | OpenFOAM: The Open Source CFD Toolbox
   \\    /   O peration     | Website:  https://openfoam.org
    \\  /    A nd           | Version:  7
     \\/     M anipulation  |
\*---------------------------------------------------------------------------*/
FoamFile
{
    version     2.0;
    format      ascii;
    class       volVectorField;
    location    "0.00023";
    object      U;
}
// * * * * * * * * * * * * * * * * * * * * * * * * * * * * * * * * * * * * * //

dimensions      [0 1 -1 0 0 0 0];

internalField   nonuniform List<vector> 
125
(
(2.34891 0 0)
(2.34879 0 0)
(2.34864 0 0)
(2.34852 0 0)
(2.34842 0 0)
(2.34834 0 0)
(2.34827 0 0)
(2.34821 0 0)
(2.34815 0 0)
(2.34808 0 0)
(2.34801 0 0)
(2.34792 0 0)
(2.34782 0 0)
(2.34769 0 0)
(2.34754 0 0)
(2.34737 0 0)
(2.34718 0 0)
(2.34697 0 0)
(2.34674 0 0)
(2.34651 0 0)
(2.34628 0 0)
(2.34605 0 0)
(2.34582 0 0)
(2.3456 0 0)
(2.34539 0 0)
(2.3452 0 0)
(2.34501 0 0)
(2.34483 0 0)
(2.34466 0 0)
(2.34449 0 0)
(2.34433 0 0)
(2.34417 0 0)
(2.34401 0 0)
(2.34386 0 0)
(2.34371 0 0)
(2.34356 0 0)
(2.34341 0 0)
(2.34325 0 0)
(2.3431 0 0)
(2.34295 0 0)
(2.3428 0 0)
(2.34265 0 0)
(2.3425 0 0)
(2.34235 0 0)
(2.3422 0 0)
(2.34205 0 0)
(2.3419 0 0)
(2.34175 0 0)
(2.3416 0 0)
(2.34145 0 0)
(2.34129 0 0)
(2.34114 0 0)
(2.34099 0 0)
(2.34084 0 0)
(2.34069 0 0)
(2.34054 0 0)
(2.34038 0 0)
(2.34023 0 0)
(2.34008 0 0)
(2.33993 0 0)
(2.33978 0 0)
(2.33962 0 0)
(2.33947 0 0)
(2.33932 0 0)
(2.33917 0 0)
(2.33901 0 0)
(2.33886 0 0)
(2.33871 0 0)
(2.33855 0 0)
(2.3384 0 0)
(2.33825 0 0)
(2.33809 0 0)
(2.33794 0 0)
(2.33779 0 0)
(2.33763 0 0)
(2.33748 0 0)
(2.33732 0 0)
(2.33717 0 0)
(2.33702 0 0)
(2.33686 0 0)
(2.33671 0 0)
(2.33655 0 0)
(2.3364 0 0)
(2.33624 0 0)
(2.33609 0 0)
(2.33593 0 0)
(2.33578 0 0)
(2.33562 0 0)
(2.33546 0 0)
(2.33531 0 0)
(2.33515 0 0)
(2.33499 0 0)
(2.33484 0 0)
(2.33468 0 0)
(2.33452 0 0)
(2.33437 0 0)
(2.33421 0 0)
(2.33405 0 0)
(2.3339 0 0)
(2.33374 0 0)
(2.33358 0 0)
(2.33342 0 0)
(2.33326 0 0)
(2.33311 0 0)
(2.33295 0 0)
(2.33279 0 0)
(2.33263 0 0)
(2.33247 0 0)
(2.33231 0 0)
(2.33215 0 0)
(2.332 0 0)
(2.33184 0 0)
(2.33168 0 0)
(2.33152 0 0)
(2.33136 0 0)
(2.3312 0 0)
(2.33104 0 0)
(2.33088 0 0)
(2.33072 0 0)
(2.33055 0 0)
(2.33039 0 0)
(2.33023 0 0)
(2.33007 0 0)
(2.32991 0 0)
(2.32974 0 0)
)
;

boundaryField
{
    boundary
    {
        type            empty;
    }
    inlet
    {
        type            fixedValue;
        value           uniform (2.34893 0 0);
    }
    outlet
    {
        type            zeroGradient;
    }
    procBoundary2to3
    {
        type            processor;
        value           uniform (2.32958 0 0);
    }
}


// ************************************************************************* //
