/*--------------------------------*- C++ -*----------------------------------*\
  =========                 |
  \\      /  F ield         | OpenFOAM: The Open Source CFD Toolbox
   \\    /   O peration     | Website:  https://openfoam.org
    \\  /    A nd           | Version:  7
     \\/     M anipulation  |
\*---------------------------------------------------------------------------*/
FoamFile
{
    version     2.0;
    format      ascii;
    class       volScalarField;
    location    "0.00028";
    object      p;
}
// * * * * * * * * * * * * * * * * * * * * * * * * * * * * * * * * * * * * * //

dimensions      [1 -1 -2 0 0 0 0];

internalField   nonuniform List<scalar> 
500
(
103132
103132
103132
103132
103132
103132
103132
103132
103132
103132
103132
103132
103132
103132
103132
103132
103132
103132
103132
103132
103132
103132
103132
103132
103132
103132
103132
103132
103132
103132
103132
103132
103132
103132
103132
103132
103132
103132
103132
103132
103132
103132
103132
103132
103132
103132
103132
103132
103132
103132
103132
103132
103132
103132
103132
103132
103132
103132
103132
103132
103132
103132
103132
103132
103132
103132
103132
103132
103132
103132
103132
103132
103132
103132
103132
103132
103132
103132
103132
103132
103132
103132
103132
103132
103132
103132
103132
103132
103132
103132
103132
103132
103132
103132
103132
103132
103132
103132
103132
103132
103132
103132
103132
103132
103132
103132
103132
103132
103132
103132
103132
103132
103132
103132
103132
103132
103132
103132
103132
103132
103132
103132
103132
103132
103132
103132
103132
103132
103132
103132
103132
103132
103132
103132
103132
103132
103132
103132
103132
103132
103132
103133
103133
103133
103133
103133
103133
103133
103133
103133
103133
103133
103133
103133
103133
103133
103133
103133
103133
103133
103133
103133
103133
103133
103133
103133
103133
103133
103133
103133
103133
103133
103133
103133
103133
103133
103133
103133
103133
103133
103133
103133
103133
103133
103133
103133
103133
103133
103133
103133
103133
103133
103133
103133
103133
103133
103133
103133
103133
103133
103133
103133
103133
103133
103133
103133
103133
103133
103133
103133
103133
103133
103133
103133
103133
103133
103133
103133
103133
103133
103133
103133
103133
103133
103133
103133
103133
103133
103133
103133
103133
103133
103133
103133
103133
103133
103133
103133
103133
103133
103133
103133
103133
103133
103133
103133
103133
103133
103133
103133
103133
103133
103133
103133
103133
103133
103133
103133
103133
103133
103133
103133
103133
103133
103133
103133
103133
103133
103133
103133
103133
103133
103133
103133
103133
103133
103133
103133
103132
103131
103130
103127
103125
103123
103120
103119
103117
103116
103115
103114
103113
103112
103112
103111
103111
103111
103110
103110
103110
103110
103109
103109
103109
103109
103109
103108
103108
103108
103108
103108
103108
103108
103108
103107
103107
103107
103107
103107
103107
103107
103107
103107
103107
103107
103107
103107
103106
103106
103106
103106
103106
103106
103106
103106
103106
103106
103106
103106
103106
103106
103106
103106
103106
103106
103106
103106
103106
103105
103105
103105
103105
103105
103105
103105
103105
103105
103105
103105
103105
103105
103105
103105
103105
103105
103105
103105
103105
103105
103105
103105
103105
103105
103105
103105
103105
103105
103105
103105
103105
103105
103105
103105
103104
103104
103104
103104
103104
103104
103104
103104
103104
103104
103104
103104
103104
103104
103104
103104
103104
103104
103104
103104
103104
103104
103104
103104
103104
103104
103104
103104
103104
103104
103104
103104
103104
103104
103104
103104
103104
103104
103104
103104
103104
103104
103104
103104
103104
103104
103104
103104
103104
103104
103104
103104
103104
103104
103104
103104
103104
103103
103103
103103
103103
103103
103103
103103
103103
103103
103103
103103
103103
103103
103103
103103
103103
103103
103103
103103
103103
103103
103103
103103
103103
103103
103103
103103
103103
103103
103103
103103
103103
103103
103103
103103
103103
103103
103103
103103
103103
103103
103103
103103
103103
103103
103103
103103
103103
103103
103102
103102
103102
103102
103102
103102
103102
103102
103102
103102
103102
103102
)
;

boundaryField
{
    boundary
    {
        type            empty;
    }
    inlet
    {
        type            zeroGradient;
    }
    outlet
    {
        type            waveTransmissive;
        gamma           1.4;
        value           uniform 103102;
    }
}


// ************************************************************************* //
