/*--------------------------------*- C++ -*----------------------------------*\
  =========                 |
  \\      /  F ield         | OpenFOAM: The Open Source CFD Toolbox
   \\    /   O peration     | Website:  https://openfoam.org
    \\  /    A nd           | Version:  7
     \\/     M anipulation  |
\*---------------------------------------------------------------------------*/
FoamFile
{
    version     2.0;
    format      ascii;
    class       volVectorField;
    location    "0.00069";
    object      U;
}
// * * * * * * * * * * * * * * * * * * * * * * * * * * * * * * * * * * * * * //

dimensions      [0 1 -1 0 0 0 0];

internalField   nonuniform List<vector> 
125
(
(2.35573 0 0)
(2.35575 0 0)
(2.35577 0 0)
(2.35579 0 0)
(2.35581 0 0)
(2.35584 0 0)
(2.35586 0 0)
(2.35588 0 0)
(2.3559 0 0)
(2.35593 0 0)
(2.35595 0 0)
(2.35597 0 0)
(2.35599 0 0)
(2.35602 0 0)
(2.35604 0 0)
(2.35606 0 0)
(2.3561 0 0)
(2.35618 0 0)
(2.35641 0 0)
(2.35713 0 0)
(2.35937 0 0)
(2.36606 0 0)
(2.38467 0 0)
(2.43213 0 0)
(2.54517 0 0)
(2.80184 0 0)
(3.34376 0 0)
(4.29455 0 0)
(5.49774 0 0)
(6.7227 0 0)
(7.84042 0 0)
(8.81764 0 0)
(9.64956 0 0)
(10.345 0 0)
(10.9189 0 0)
(11.3801 0 0)
(11.7464 0 0)
(12.0459 0 0)
(12.3 0 0)
(12.5204 0 0)
(12.7139 0 0)
(12.8856 0 0)
(13.0395 0 0)
(13.1787 0 0)
(13.3054 0 0)
(13.4216 0 0)
(13.5286 0 0)
(13.6277 0 0)
(13.7198 0 0)
(13.8056 0 0)
(13.886 0 0)
(13.9614 0 0)
(14.0324 0 0)
(14.0993 0 0)
(14.1626 0 0)
(14.2226 0 0)
(14.2795 0 0)
(14.3336 0 0)
(14.3851 0 0)
(14.4341 0 0)
(14.4808 0 0)
(14.5241 0 0)
(14.5648 0 0)
(14.6041 0 0)
(14.6422 0 0)
(14.6789 0 0)
(14.7144 0 0)
(14.7488 0 0)
(14.7821 0 0)
(14.8143 0 0)
(14.8456 0 0)
(14.876 0 0)
(14.9055 0 0)
(14.9341 0 0)
(14.962 0 0)
(14.9891 0 0)
(15.0155 0 0)
(15.0412 0 0)
(15.0662 0 0)
(15.0906 0 0)
(15.1145 0 0)
(15.1377 0 0)
(15.1604 0 0)
(15.1825 0 0)
(15.2041 0 0)
(15.2253 0 0)
(15.2459 0 0)
(15.2661 0 0)
(15.2859 0 0)
(15.3053 0 0)
(15.3242 0 0)
(15.3428 0 0)
(15.3609 0 0)
(15.3787 0 0)
(15.3962 0 0)
(15.4133 0 0)
(15.4301 0 0)
(15.4465 0 0)
(15.4627 0 0)
(15.4785 0 0)
(15.4941 0 0)
(15.5093 0 0)
(15.5243 0 0)
(15.5391 0 0)
(15.5535 0 0)
(15.5678 0 0)
(15.5818 0 0)
(15.5955 0 0)
(15.609 0 0)
(15.6223 0 0)
(15.6354 0 0)
(15.6483 0 0)
(15.6609 0 0)
(15.6734 0 0)
(15.6857 0 0)
(15.6978 0 0)
(15.7097 0 0)
(15.7214 0 0)
(15.7329 0 0)
(15.7443 0 0)
(15.7555 0 0)
(15.7665 0 0)
(15.7774 0 0)
(15.7881 0 0)
(15.7987 0 0)
)
;

boundaryField
{
    boundary
    {
        type            empty;
    }
    inlet
    {
        type            fixedValue;
        value           nonuniform 0();
    }
    outlet
    {
        type            zeroGradient;
    }
    procBoundary1to0
    {
        type            processor;
        value           uniform (15.809 0 0);
    }
    procBoundary1to3
    {
        type            processor;
        value           uniform (2.35571 0 0);
    }
}


// ************************************************************************* //
