/*--------------------------------*- C++ -*----------------------------------*\
  =========                 |
  \\      /  F ield         | OpenFOAM: The Open Source CFD Toolbox
   \\    /   O peration     | Website:  https://openfoam.org
    \\  /    A nd           | Version:  7
     \\/     M anipulation  |
\*---------------------------------------------------------------------------*/
FoamFile
{
    version     2.0;
    format      ascii;
    class       volVectorField;
    location    "0.00061";
    object      U;
}
// * * * * * * * * * * * * * * * * * * * * * * * * * * * * * * * * * * * * * //

dimensions      [0 1 -1 0 0 0 0];

internalField   nonuniform List<vector> 
124
(
(15.8748 0 0)
(15.8856 0 0)
(15.896 0 0)
(15.9061 0 0)
(15.9162 0 0)
(15.9262 0 0)
(15.936 0 0)
(15.9458 0 0)
(15.9554 0 0)
(15.9648 0 0)
(15.9742 0 0)
(15.9834 0 0)
(15.9926 0 0)
(16.0016 0 0)
(16.0105 0 0)
(16.0193 0 0)
(16.028 0 0)
(16.0366 0 0)
(16.0451 0 0)
(16.0535 0 0)
(16.0618 0 0)
(16.0701 0 0)
(16.0782 0 0)
(16.0862 0 0)
(16.0942 0 0)
(16.102 0 0)
(16.1098 0 0)
(16.1175 0 0)
(16.1251 0 0)
(16.1326 0 0)
(16.1401 0 0)
(16.1475 0 0)
(16.1548 0 0)
(16.162 0 0)
(16.1692 0 0)
(16.1762 0 0)
(16.1832 0 0)
(16.1902 0 0)
(16.1971 0 0)
(16.2039 0 0)
(16.2106 0 0)
(16.2173 0 0)
(16.2239 0 0)
(16.2304 0 0)
(16.2369 0 0)
(16.2434 0 0)
(16.2497 0 0)
(16.256 0 0)
(16.2623 0 0)
(16.2685 0 0)
(16.2746 0 0)
(16.2807 0 0)
(16.2867 0 0)
(16.2927 0 0)
(16.2986 0 0)
(16.3045 0 0)
(16.3103 0 0)
(16.316 0 0)
(16.3217 0 0)
(16.3274 0 0)
(16.333 0 0)
(16.3385 0 0)
(16.344 0 0)
(16.3495 0 0)
(16.3549 0 0)
(16.3602 0 0)
(16.366 0 0)
(16.3708 0 0)
(16.3756 0 0)
(16.3813 0 0)
(16.3865 0 0)
(16.3916 0 0)
(16.3966 0 0)
(16.4016 0 0)
(16.4065 0 0)
(16.4115 0 0)
(16.4163 0 0)
(16.4212 0 0)
(16.4259 0 0)
(16.4307 0 0)
(16.4354 0 0)
(16.4401 0 0)
(16.4448 0 0)
(16.4494 0 0)
(16.454 0 0)
(16.4586 0 0)
(16.4631 0 0)
(16.4676 0 0)
(16.4721 0 0)
(16.4766 0 0)
(16.481 0 0)
(16.4854 0 0)
(16.4898 0 0)
(16.4942 0 0)
(16.4986 0 0)
(16.503 0 0)
(16.5073 0 0)
(16.5117 0 0)
(16.516 0 0)
(16.5203 0 0)
(16.5246 0 0)
(16.5289 0 0)
(16.5332 0 0)
(16.5375 0 0)
(16.5417 0 0)
(16.5459 0 0)
(16.5502 0 0)
(16.5544 0 0)
(16.5585 0 0)
(16.5627 0 0)
(16.5668 0 0)
(16.5709 0 0)
(16.5749 0 0)
(16.579 0 0)
(16.5829 0 0)
(16.5869 0 0)
(16.5907 0 0)
(16.5945 0 0)
(16.5982 0 0)
(16.6016 0 0)
(16.6047 0 0)
(16.607 0 0)
(16.6063 0 0)
(16.6004 0 0)
)
;

boundaryField
{
    boundary
    {
        type            empty;
    }
    inlet
    {
        type            fixedValue;
        value           nonuniform 0();
    }
    outlet
    {
        type            zeroGradient;
    }
    procBoundary0to1
    {
        type            processor;
        value           uniform (15.8642 0 0);
    }
}


// ************************************************************************* //
