/*--------------------------------*- C++ -*----------------------------------*\
  =========                 |
  \\      /  F ield         | OpenFOAM: The Open Source CFD Toolbox
   \\    /   O peration     | Website:  https://openfoam.org
    \\  /    A nd           | Version:  7
     \\/     M anipulation  |
\*---------------------------------------------------------------------------*/
FoamFile
{
    version     2.0;
    format      ascii;
    class       volVectorField;
    location    "0.00077";
    object      U;
}
// * * * * * * * * * * * * * * * * * * * * * * * * * * * * * * * * * * * * * //

dimensions      [0 1 -1 0 0 0 0];

internalField   nonuniform List<vector> 
125
(
(2.34165 0 0)
(2.34162 0 0)
(2.3416 0 0)
(2.34157 0 0)
(2.34154 0 0)
(2.34152 0 0)
(2.34149 0 0)
(2.34147 0 0)
(2.34144 0 0)
(2.34142 0 0)
(2.34139 0 0)
(2.34136 0 0)
(2.34134 0 0)
(2.34131 0 0)
(2.34128 0 0)
(2.34125 0 0)
(2.34125 0 0)
(2.34131 0 0)
(2.34157 0 0)
(2.34254 0 0)
(2.34568 0 0)
(2.35501 0 0)
(2.38043 0 0)
(2.44377 0 0)
(2.59266 0 0)
(2.92179 0 0)
(3.59811 0 0)
(4.65731 0 0)
(5.88953 0 0)
(7.086 0 0)
(8.1581 0 0)
(9.08605 0 0)
(9.86698 0 0)
(10.5177 0 0)
(11.0584 0 0)
(11.4942 0 0)
(11.8387 0 0)
(12.12 0 0)
(12.3603 0 0)
(12.57 0 0)
(12.7551 0 0)
(12.92 0 0)
(13.0681 0 0)
(13.2024 0 0)
(13.3249 0 0)
(13.4374 0 0)
(13.5412 0 0)
(13.6374 0 0)
(13.7269 0 0)
(13.8104 0 0)
(13.8887 0 0)
(13.9622 0 0)
(14.0315 0 0)
(14.0968 0 0)
(14.1587 0 0)
(14.2173 0 0)
(14.2729 0 0)
(14.3259 0 0)
(14.3763 0 0)
(14.4243 0 0)
(14.4701 0 0)
(14.5126 0 0)
(14.5525 0 0)
(14.5912 0 0)
(14.6285 0 0)
(14.6647 0 0)
(14.6996 0 0)
(14.7334 0 0)
(14.7662 0 0)
(14.7979 0 0)
(14.8287 0 0)
(14.8587 0 0)
(14.8877 0 0)
(14.916 0 0)
(14.9435 0 0)
(14.9702 0 0)
(14.9962 0 0)
(15.0216 0 0)
(15.0463 0 0)
(15.0704 0 0)
(15.0939 0 0)
(15.1168 0 0)
(15.1392 0 0)
(15.1611 0 0)
(15.1824 0 0)
(15.2033 0 0)
(15.2237 0 0)
(15.2437 0 0)
(15.2632 0 0)
(15.2823 0 0)
(15.3011 0 0)
(15.3194 0 0)
(15.3374 0 0)
(15.3549 0 0)
(15.3722 0 0)
(15.3891 0 0)
(15.4057 0 0)
(15.422 0 0)
(15.4379 0 0)
(15.4536 0 0)
(15.469 0 0)
(15.4841 0 0)
(15.4989 0 0)
(15.5135 0 0)
(15.5278 0 0)
(15.5419 0 0)
(15.5557 0 0)
(15.5693 0 0)
(15.5827 0 0)
(15.5959 0 0)
(15.6088 0 0)
(15.6216 0 0)
(15.6341 0 0)
(15.6464 0 0)
(15.6586 0 0)
(15.6705 0 0)
(15.6823 0 0)
(15.6939 0 0)
(15.7053 0 0)
(15.7166 0 0)
(15.7276 0 0)
(15.7386 0 0)
(15.7493 0 0)
(15.7599 0 0)
(15.7703 0 0)
)
;

boundaryField
{
    boundary
    {
        type            empty;
    }
    inlet
    {
        type            fixedValue;
        value           nonuniform 0();
    }
    outlet
    {
        type            zeroGradient;
    }
    procBoundary1to0
    {
        type            processor;
        value           uniform (15.7805 0 0);
    }
    procBoundary1to3
    {
        type            processor;
        value           uniform (2.34167 0 0);
    }
}


// ************************************************************************* //
