/*--------------------------------*- C++ -*----------------------------------*\
  =========                 |
  \\      /  F ield         | OpenFOAM: The Open Source CFD Toolbox
   \\    /   O peration     | Website:  https://openfoam.org
    \\  /    A nd           | Version:  7
     \\/     M anipulation  |
\*---------------------------------------------------------------------------*/
FoamFile
{
    version     2.0;
    format      ascii;
    class       volVectorField;
    location    "0.00046";
    object      U;
}
// * * * * * * * * * * * * * * * * * * * * * * * * * * * * * * * * * * * * * //

dimensions      [0 1 -1 0 0 0 0];

internalField   nonuniform List<vector> 
126
(
(2.33725 0 0)
(2.33715 0 0)
(2.33706 0 0)
(2.33696 0 0)
(2.33686 0 0)
(2.33677 0 0)
(2.33667 0 0)
(2.33658 0 0)
(2.33648 0 0)
(2.33639 0 0)
(2.33629 0 0)
(2.3362 0 0)
(2.3361 0 0)
(2.33601 0 0)
(2.33591 0 0)
(2.33582 0 0)
(2.33572 0 0)
(2.33562 0 0)
(2.33553 0 0)
(2.33543 0 0)
(2.33534 0 0)
(2.33524 0 0)
(2.33515 0 0)
(2.33505 0 0)
(2.33496 0 0)
(2.33486 0 0)
(2.33476 0 0)
(2.33467 0 0)
(2.33457 0 0)
(2.33448 0 0)
(2.33438 0 0)
(2.33429 0 0)
(2.33419 0 0)
(2.3341 0 0)
(2.334 0 0)
(2.3339 0 0)
(2.33381 0 0)
(2.33371 0 0)
(2.33362 0 0)
(2.33352 0 0)
(2.33343 0 0)
(2.33333 0 0)
(2.33323 0 0)
(2.33314 0 0)
(2.33304 0 0)
(2.33295 0 0)
(2.33285 0 0)
(2.33276 0 0)
(2.33266 0 0)
(2.33257 0 0)
(2.33247 0 0)
(2.33237 0 0)
(2.33228 0 0)
(2.33218 0 0)
(2.33209 0 0)
(2.33199 0 0)
(2.3319 0 0)
(2.3318 0 0)
(2.33171 0 0)
(2.33161 0 0)
(2.33152 0 0)
(2.33142 0 0)
(2.33133 0 0)
(2.33123 0 0)
(2.33114 0 0)
(2.33104 0 0)
(2.33094 0 0)
(2.33085 0 0)
(2.33075 0 0)
(2.33066 0 0)
(2.33056 0 0)
(2.33047 0 0)
(2.33037 0 0)
(2.33028 0 0)
(2.33018 0 0)
(2.33009 0 0)
(2.32999 0 0)
(2.3299 0 0)
(2.32981 0 0)
(2.32971 0 0)
(2.32962 0 0)
(2.32952 0 0)
(2.32943 0 0)
(2.32933 0 0)
(2.32924 0 0)
(2.32914 0 0)
(2.32905 0 0)
(2.32895 0 0)
(2.32886 0 0)
(2.32876 0 0)
(2.32867 0 0)
(2.32858 0 0)
(2.32848 0 0)
(2.32839 0 0)
(2.32829 0 0)
(2.3282 0 0)
(2.32811 0 0)
(2.32801 0 0)
(2.32792 0 0)
(2.32782 0 0)
(2.32773 0 0)
(2.32764 0 0)
(2.32754 0 0)
(2.32745 0 0)
(2.32735 0 0)
(2.32726 0 0)
(2.32717 0 0)
(2.32707 0 0)
(2.32698 0 0)
(2.32689 0 0)
(2.32679 0 0)
(2.3267 0 0)
(2.32661 0 0)
(2.32652 0 0)
(2.32642 0 0)
(2.32633 0 0)
(2.32624 0 0)
(2.32614 0 0)
(2.32605 0 0)
(2.32596 0 0)
(2.32587 0 0)
(2.32577 0 0)
(2.32568 0 0)
(2.32559 0 0)
(2.3255 0 0)
(2.3254 0 0)
)
;

boundaryField
{
    boundary
    {
        type            empty;
    }
    inlet
    {
        type            fixedValue;
        value           nonuniform 0();
    }
    outlet
    {
        type            zeroGradient;
    }
    procBoundary3to1
    {
        type            processor;
        value           uniform (2.32531 0 0);
    }
    procBoundary3to2
    {
        type            processor;
        value           uniform (2.33734 0 0);
    }
}


// ************************************************************************* //
