/*--------------------------------*- C++ -*----------------------------------*\
  =========                 |
  \\      /  F ield         | OpenFOAM: The Open Source CFD Toolbox
   \\    /   O peration     | Website:  https://openfoam.org
    \\  /    A nd           | Version:  7
     \\/     M anipulation  |
\*---------------------------------------------------------------------------*/
FoamFile
{
    version     2.0;
    format      ascii;
    class       volVectorField;
    location    "0.00101";
    object      U;
}
// * * * * * * * * * * * * * * * * * * * * * * * * * * * * * * * * * * * * * //

dimensions      [0 1 -1 0 0 0 0];

internalField   nonuniform List<vector> 
126
(
(2.34546 0 0)
(2.34544 0 0)
(2.34541 0 0)
(2.34538 0 0)
(2.34536 0 0)
(2.34533 0 0)
(2.3453 0 0)
(2.34528 0 0)
(2.34525 0 0)
(2.34523 0 0)
(2.3452 0 0)
(2.34517 0 0)
(2.34515 0 0)
(2.34512 0 0)
(2.3451 0 0)
(2.34507 0 0)
(2.34504 0 0)
(2.34502 0 0)
(2.34499 0 0)
(2.34497 0 0)
(2.34494 0 0)
(2.34492 0 0)
(2.34489 0 0)
(2.34486 0 0)
(2.34484 0 0)
(2.34481 0 0)
(2.34479 0 0)
(2.34476 0 0)
(2.34474 0 0)
(2.34471 0 0)
(2.34468 0 0)
(2.34466 0 0)
(2.34463 0 0)
(2.34461 0 0)
(2.34458 0 0)
(2.34456 0 0)
(2.34453 0 0)
(2.34451 0 0)
(2.34448 0 0)
(2.34446 0 0)
(2.34443 0 0)
(2.34441 0 0)
(2.34438 0 0)
(2.34436 0 0)
(2.34433 0 0)
(2.3443 0 0)
(2.34428 0 0)
(2.34425 0 0)
(2.34423 0 0)
(2.3442 0 0)
(2.34418 0 0)
(2.34415 0 0)
(2.34413 0 0)
(2.3441 0 0)
(2.34408 0 0)
(2.34406 0 0)
(2.34403 0 0)
(2.34401 0 0)
(2.34398 0 0)
(2.34396 0 0)
(2.34393 0 0)
(2.34391 0 0)
(2.34388 0 0)
(2.34386 0 0)
(2.34383 0 0)
(2.34381 0 0)
(2.34378 0 0)
(2.34376 0 0)
(2.34373 0 0)
(2.34371 0 0)
(2.34368 0 0)
(2.34366 0 0)
(2.34364 0 0)
(2.34361 0 0)
(2.34359 0 0)
(2.34356 0 0)
(2.34354 0 0)
(2.34351 0 0)
(2.34349 0 0)
(2.34346 0 0)
(2.34344 0 0)
(2.34342 0 0)
(2.34339 0 0)
(2.34337 0 0)
(2.34334 0 0)
(2.34332 0 0)
(2.34329 0 0)
(2.34327 0 0)
(2.34325 0 0)
(2.34322 0 0)
(2.3432 0 0)
(2.34317 0 0)
(2.34315 0 0)
(2.34312 0 0)
(2.3431 0 0)
(2.34308 0 0)
(2.34305 0 0)
(2.34303 0 0)
(2.343 0 0)
(2.34298 0 0)
(2.34296 0 0)
(2.34293 0 0)
(2.34291 0 0)
(2.34288 0 0)
(2.34286 0 0)
(2.34284 0 0)
(2.34281 0 0)
(2.34279 0 0)
(2.34276 0 0)
(2.34274 0 0)
(2.34272 0 0)
(2.34269 0 0)
(2.34267 0 0)
(2.34264 0 0)
(2.34262 0 0)
(2.3426 0 0)
(2.34257 0 0)
(2.34255 0 0)
(2.34253 0 0)
(2.3425 0 0)
(2.34248 0 0)
(2.34245 0 0)
(2.34243 0 0)
(2.34241 0 0)
(2.34238 0 0)
(2.34236 0 0)
)
;

boundaryField
{
    boundary
    {
        type            empty;
    }
    inlet
    {
        type            fixedValue;
        value           nonuniform 0();
    }
    outlet
    {
        type            zeroGradient;
    }
    procBoundary3to1
    {
        type            processor;
        value           uniform (2.34233 0 0);
    }
    procBoundary3to2
    {
        type            processor;
        value           uniform (2.34549 0 0);
    }
}


// ************************************************************************* //
