/*--------------------------------*- C++ -*----------------------------------*\
  =========                 |
  \\      /  F ield         | OpenFOAM: The Open Source CFD Toolbox
   \\    /   O peration     | Website:  https://openfoam.org
    \\  /    A nd           | Version:  7
     \\/     M anipulation  |
\*---------------------------------------------------------------------------*/
FoamFile
{
    version     2.0;
    format      ascii;
    class       volScalarField;
    location    "0.0004";
    object      p;
}
// * * * * * * * * * * * * * * * * * * * * * * * * * * * * * * * * * * * * * //

dimensions      [1 -1 -2 0 0 0 0];

internalField   nonuniform List<scalar> 
500
(
103177
103177
103177
103177
103177
103177
103177
103177
103177
103177
103177
103177
103177
103177
103177
103177
103177
103177
103177
103177
103177
103177
103177
103177
103177
103177
103177
103177
103177
103177
103177
103177
103177
103177
103177
103177
103177
103177
103177
103177
103177
103177
103177
103177
103177
103177
103177
103177
103177
103177
103177
103177
103177
103177
103177
103177
103177
103177
103177
103177
103177
103177
103177
103177
103177
103177
103177
103177
103177
103177
103177
103177
103177
103177
103177
103177
103177
103177
103177
103177
103177
103177
103177
103177
103177
103177
103177
103177
103177
103177
103177
103177
103177
103177
103177
103177
103177
103177
103177
103177
103177
103178
103178
103178
103178
103178
103178
103178
103178
103178
103178
103178
103178
103178
103178
103178
103178
103178
103178
103178
103178
103178
103178
103178
103178
103178
103178
103178
103178
103178
103178
103178
103178
103178
103178
103178
103178
103178
103178
103178
103178
103178
103178
103178
103178
103178
103178
103178
103178
103178
103178
103178
103178
103178
103178
103178
103178
103178
103178
103178
103178
103178
103178
103178
103178
103178
103178
103178
103178
103178
103178
103178
103178
103178
103178
103178
103178
103178
103178
103178
103178
103178
103178
103178
103178
103178
103178
103178
103178
103178
103178
103178
103178
103178
103178
103178
103178
103178
103178
103178
103178
103178
103178
103178
103178
103178
103178
103178
103178
103178
103178
103178
103178
103178
103178
103178
103178
103178
103178
103178
103178
103178
103178
103178
103178
103178
103178
103178
103178
103178
103178
103178
103178
103178
103178
103178
103178
103178
103178
103178
103178
103178
103178
103178
103178
103178
103178
103178
103178
103178
103178
103178
103178
103178
103178
103178
103178
103178
103178
103178
103178
103178
103178
103178
103178
103178
103178
103178
103178
103178
103178
103178
103178
103178
103178
103178
103178
103177
103177
103175
103173
103171
103168
103166
103164
103162
103161
103160
103159
103158
103157
103157
103156
103156
103155
103155
103155
103155
103154
103154
103154
103154
103153
103153
103153
103153
103153
103153
103153
103152
103152
103152
103152
103152
103152
103152
103152
103152
103152
103152
103151
103151
103151
103151
103151
103151
103151
103151
103151
103151
103151
103151
103151
103151
103151
103151
103151
103151
103150
103150
103150
103150
103150
103150
103150
103150
103150
103150
103150
103150
103150
103150
103150
103150
103150
103150
103150
103150
103150
103150
103150
103150
103150
103150
103150
103150
103150
103150
103150
103150
103150
103149
103149
103149
103149
103149
103149
103149
103149
103149
103149
103149
103149
103149
103149
103149
103149
103149
103149
103149
103149
103149
103149
103149
103149
103149
103149
103149
103149
103149
103149
103149
103149
103149
103149
103149
103149
103149
103149
103149
103149
103149
103149
103149
103149
103149
103149
103149
103149
103149
103149
103149
103149
103149
103149
103149
103149
103149
103149
103149
103149
103149
103149
103149
103149
103149
103148
103148
103148
103148
103148
103148
103148
103148
103148
103148
103148
103148
103148
103148
103148
103148
103148
103148
103148
103148
103148
103148
103148
103148
103148
103148
103148
103148
103148
103148
103148
103148
103148
103148
103148
103148
103148
103148
103148
103148
103148
103148
103148
103148
103148
103148
103148
103148
103148
103148
103148
103148
103148
103148
103148
103148
103148
103148
103148
103148
103148
103148
103148
103148
)
;

boundaryField
{
    boundary
    {
        type            empty;
    }
    inlet
    {
        type            zeroGradient;
    }
    outlet
    {
        type            waveTransmissive;
        gamma           1.4;
        value           uniform 103148;
    }
}


// ************************************************************************* //
