/*--------------------------------*- C++ -*----------------------------------*\
  =========                 |
  \\      /  F ield         | OpenFOAM: The Open Source CFD Toolbox
   \\    /   O peration     | Website:  https://openfoam.org
    \\  /    A nd           | Version:  7
     \\/     M anipulation  |
\*---------------------------------------------------------------------------*/
FoamFile
{
    version     2.0;
    format      ascii;
    class       volVectorField;
    location    "0.00028";
    object      U;
}
// * * * * * * * * * * * * * * * * * * * * * * * * * * * * * * * * * * * * * //

dimensions      [0 1 -1 0 0 0 0];

internalField   nonuniform List<vector> 
124
(
(15.7362 0 0)
(15.7472 0 0)
(15.758 0 0)
(15.7687 0 0)
(15.7793 0 0)
(15.7897 0 0)
(15.8 0 0)
(15.8101 0 0)
(15.8201 0 0)
(15.8298 0 0)
(15.8393 0 0)
(15.8486 0 0)
(15.8577 0 0)
(15.8665 0 0)
(15.875 0 0)
(15.8833 0 0)
(15.8912 0 0)
(15.8988 0 0)
(15.9061 0 0)
(15.913 0 0)
(15.9196 0 0)
(15.9258 0 0)
(15.9316 0 0)
(15.937 0 0)
(15.9421 0 0)
(15.9467 0 0)
(15.951 0 0)
(15.9548 0 0)
(15.9583 0 0)
(15.9614 0 0)
(15.9642 0 0)
(15.9666 0 0)
(15.9686 0 0)
(15.9704 0 0)
(15.9718 0 0)
(15.9729 0 0)
(15.9738 0 0)
(15.9745 0 0)
(15.9749 0 0)
(15.9751 0 0)
(15.9751 0 0)
(15.9751 0 0)
(15.9748 0 0)
(15.9745 0 0)
(15.9741 0 0)
(15.9736 0 0)
(15.9731 0 0)
(15.9726 0 0)
(15.9721 0 0)
(15.9716 0 0)
(15.9711 0 0)
(15.9707 0 0)
(15.9703 0 0)
(15.97 0 0)
(15.9697 0 0)
(15.9695 0 0)
(15.9694 0 0)
(15.9693 0 0)
(15.9693 0 0)
(15.9695 0 0)
(15.9696 0 0)
(15.9699 0 0)
(15.9702 0 0)
(15.9706 0 0)
(15.971 0 0)
(15.9715 0 0)
(15.972 0 0)
(15.9726 0 0)
(15.9732 0 0)
(15.9738 0 0)
(15.9745 0 0)
(15.9752 0 0)
(15.9758 0 0)
(15.9765 0 0)
(15.9772 0 0)
(15.9778 0 0)
(15.9785 0 0)
(15.9791 0 0)
(15.9797 0 0)
(15.9803 0 0)
(15.9809 0 0)
(15.9814 0 0)
(15.9819 0 0)
(15.9824 0 0)
(15.9828 0 0)
(15.9832 0 0)
(15.9836 0 0)
(15.9839 0 0)
(15.9842 0 0)
(15.9845 0 0)
(15.9847 0 0)
(15.985 0 0)
(15.9851 0 0)
(15.9853 0 0)
(15.9854 0 0)
(15.9855 0 0)
(15.9856 0 0)
(15.9856 0 0)
(15.9856 0 0)
(15.9856 0 0)
(15.9856 0 0)
(15.9856 0 0)
(15.9855 0 0)
(15.9854 0 0)
(15.9853 0 0)
(15.9852 0 0)
(15.9851 0 0)
(15.9849 0 0)
(15.9848 0 0)
(15.9846 0 0)
(15.9845 0 0)
(15.9843 0 0)
(15.9841 0 0)
(15.9839 0 0)
(15.9837 0 0)
(15.9835 0 0)
(15.9833 0 0)
(15.9831 0 0)
(15.9829 0 0)
(15.9826 0 0)
(15.9824 0 0)
(15.9822 0 0)
(15.9819 0 0)
(15.9816 0 0)
)
;

boundaryField
{
    boundary
    {
        type            empty;
    }
    inlet
    {
        type            fixedValue;
        value           nonuniform 0();
    }
    outlet
    {
        type            zeroGradient;
    }
    procBoundary0to1
    {
        type            processor;
        value           uniform (15.725 0 0);
    }
}


// ************************************************************************* //
