/*--------------------------------*- C++ -*----------------------------------*\
  =========                 |
  \\      /  F ield         | OpenFOAM: The Open Source CFD Toolbox
   \\    /   O peration     | Website:  https://openfoam.org
    \\  /    A nd           | Version:  7
     \\/     M anipulation  |
\*---------------------------------------------------------------------------*/
FoamFile
{
    version     2.0;
    format      ascii;
    class       volVectorField;
    location    "0.00024";
    object      U;
}
// * * * * * * * * * * * * * * * * * * * * * * * * * * * * * * * * * * * * * //

dimensions      [0 1 -1 0 0 0 0];

internalField   nonuniform List<vector> 
126
(
(2.3341 0 0)
(2.334 0 0)
(2.33389 0 0)
(2.33378 0 0)
(2.33367 0 0)
(2.33355 0 0)
(2.33344 0 0)
(2.33333 0 0)
(2.33322 0 0)
(2.33311 0 0)
(2.333 0 0)
(2.33289 0 0)
(2.33278 0 0)
(2.33267 0 0)
(2.33256 0 0)
(2.33244 0 0)
(2.33233 0 0)
(2.33222 0 0)
(2.33211 0 0)
(2.332 0 0)
(2.33189 0 0)
(2.33178 0 0)
(2.33166 0 0)
(2.33155 0 0)
(2.33144 0 0)
(2.33133 0 0)
(2.33122 0 0)
(2.33111 0 0)
(2.33099 0 0)
(2.33088 0 0)
(2.33077 0 0)
(2.33066 0 0)
(2.33055 0 0)
(2.33043 0 0)
(2.33032 0 0)
(2.33021 0 0)
(2.3301 0 0)
(2.32998 0 0)
(2.32987 0 0)
(2.32976 0 0)
(2.32964 0 0)
(2.32953 0 0)
(2.32942 0 0)
(2.3293 0 0)
(2.32919 0 0)
(2.32908 0 0)
(2.32896 0 0)
(2.32885 0 0)
(2.32873 0 0)
(2.32862 0 0)
(2.32851 0 0)
(2.32839 0 0)
(2.32828 0 0)
(2.32816 0 0)
(2.32805 0 0)
(2.32793 0 0)
(2.32781 0 0)
(2.3277 0 0)
(2.32758 0 0)
(2.32747 0 0)
(2.32735 0 0)
(2.32723 0 0)
(2.32712 0 0)
(2.327 0 0)
(2.32688 0 0)
(2.32676 0 0)
(2.32665 0 0)
(2.32653 0 0)
(2.32641 0 0)
(2.32629 0 0)
(2.32617 0 0)
(2.32606 0 0)
(2.32594 0 0)
(2.32582 0 0)
(2.3257 0 0)
(2.32558 0 0)
(2.32546 0 0)
(2.32534 0 0)
(2.32522 0 0)
(2.3251 0 0)
(2.32498 0 0)
(2.32485 0 0)
(2.32473 0 0)
(2.32461 0 0)
(2.32449 0 0)
(2.32437 0 0)
(2.32424 0 0)
(2.32412 0 0)
(2.324 0 0)
(2.32388 0 0)
(2.32375 0 0)
(2.32363 0 0)
(2.3235 0 0)
(2.32338 0 0)
(2.32326 0 0)
(2.32313 0 0)
(2.32301 0 0)
(2.32288 0 0)
(2.32276 0 0)
(2.32263 0 0)
(2.3225 0 0)
(2.32238 0 0)
(2.32225 0 0)
(2.32212 0 0)
(2.32199 0 0)
(2.32187 0 0)
(2.32174 0 0)
(2.32161 0 0)
(2.32148 0 0)
(2.32135 0 0)
(2.32122 0 0)
(2.32109 0 0)
(2.32096 0 0)
(2.32083 0 0)
(2.3207 0 0)
(2.32057 0 0)
(2.32044 0 0)
(2.32031 0 0)
(2.32018 0 0)
(2.32004 0 0)
(2.31991 0 0)
(2.31978 0 0)
(2.31965 0 0)
(2.31951 0 0)
(2.31938 0 0)
(2.31924 0 0)
)
;

boundaryField
{
    boundary
    {
        type            empty;
    }
    inlet
    {
        type            fixedValue;
        value           nonuniform 0();
    }
    outlet
    {
        type            zeroGradient;
    }
    procBoundary3to1
    {
        type            processor;
        value           uniform (2.3191 0 0);
    }
    procBoundary3to2
    {
        type            processor;
        value           uniform (2.33422 0 0);
    }
}


// ************************************************************************* //
