/*--------------------------------*- C++ -*----------------------------------*\
  =========                 |
  \\      /  F ield         | OpenFOAM: The Open Source CFD Toolbox
   \\    /   O peration     | Website:  https://openfoam.org
    \\  /    A nd           | Version:  7
     \\/     M anipulation  |
\*---------------------------------------------------------------------------*/
FoamFile
{
    version     2.0;
    format      ascii;
    class       volVectorField;
    location    "0.00031";
    object      U;
}
// * * * * * * * * * * * * * * * * * * * * * * * * * * * * * * * * * * * * * //

dimensions      [0 1 -1 0 0 0 0];

internalField   nonuniform List<vector> 
125
(
(2.32544 0 0)
(2.32535 0 0)
(2.32526 0 0)
(2.32517 0 0)
(2.32508 0 0)
(2.32499 0 0)
(2.3249 0 0)
(2.32482 0 0)
(2.32473 0 0)
(2.32464 0 0)
(2.32455 0 0)
(2.32446 0 0)
(2.32437 0 0)
(2.32428 0 0)
(2.3242 0 0)
(2.32411 0 0)
(2.32402 0 0)
(2.32393 0 0)
(2.32385 0 0)
(2.32387 0 0)
(2.32411 0 0)
(2.32515 0 0)
(2.32871 0 0)
(2.3394 0 0)
(2.36844 0 0)
(2.44038 0 0)
(2.60893 0 0)
(2.97609 0 0)
(3.71812 0 0)
(4.81987 0 0)
(6.05883 0 0)
(7.24058 0 0)
(8.29261 0 0)
(9.19939 0 0)
(9.95812 0 0)
(10.5875 0 0)
(11.1101 0 0)
(11.5322 0 0)
(11.8667 0 0)
(12.1408 0 0)
(12.3754 0 0)
(12.5808 0 0)
(12.7623 0 0)
(12.9242 0 0)
(13.0699 0 0)
(13.2021 0 0)
(13.3229 0 0)
(13.4338 0 0)
(13.5363 0 0)
(13.6313 0 0)
(13.7197 0 0)
(13.8023 0 0)
(13.8797 0 0)
(13.9524 0 0)
(14.0209 0 0)
(14.0856 0 0)
(14.1468 0 0)
(14.2048 0 0)
(14.2599 0 0)
(14.3122 0 0)
(14.362 0 0)
(14.4081 0 0)
(14.4512 0 0)
(14.4929 0 0)
(14.5331 0 0)
(14.5719 0 0)
(14.6094 0 0)
(14.6455 0 0)
(14.6805 0 0)
(14.7144 0 0)
(14.7473 0 0)
(14.7791 0 0)
(14.81 0 0)
(14.8399 0 0)
(14.869 0 0)
(14.8973 0 0)
(14.9248 0 0)
(14.9516 0 0)
(14.9776 0 0)
(15.003 0 0)
(15.0277 0 0)
(15.0518 0 0)
(15.0753 0 0)
(15.0983 0 0)
(15.1207 0 0)
(15.1425 0 0)
(15.1639 0 0)
(15.1847 0 0)
(15.2051 0 0)
(15.2251 0 0)
(15.2446 0 0)
(15.2637 0 0)
(15.2824 0 0)
(15.3007 0 0)
(15.3186 0 0)
(15.3361 0 0)
(15.3533 0 0)
(15.3702 0 0)
(15.3867 0 0)
(15.4029 0 0)
(15.4188 0 0)
(15.4343 0 0)
(15.4496 0 0)
(15.4646 0 0)
(15.4794 0 0)
(15.4938 0 0)
(15.508 0 0)
(15.5219 0 0)
(15.5356 0 0)
(15.5491 0 0)
(15.5623 0 0)
(15.5753 0 0)
(15.5881 0 0)
(15.6007 0 0)
(15.6131 0 0)
(15.6253 0 0)
(15.6373 0 0)
(15.6492 0 0)
(15.6609 0 0)
(15.6724 0 0)
(15.6838 0 0)
(15.6951 0 0)
(15.7063 0 0)
(15.7174 0 0)
(15.7284 0 0)
)
;

boundaryField
{
    boundary
    {
        type            empty;
    }
    inlet
    {
        type            fixedValue;
        value           nonuniform 0();
    }
    outlet
    {
        type            zeroGradient;
    }
    procBoundary1to0
    {
        type            processor;
        value           uniform (15.739 0 0);
    }
    procBoundary1to3
    {
        type            processor;
        value           uniform (2.32552 0 0);
    }
}


// ************************************************************************* //
