/*--------------------------------*- C++ -*----------------------------------*\
  =========                 |
  \\      /  F ield         | OpenFOAM: The Open Source CFD Toolbox
   \\    /   O peration     | Website:  https://openfoam.org
    \\  /    A nd           | Version:  7
     \\/     M anipulation  |
\*---------------------------------------------------------------------------*/
FoamFile
{
    version     2.0;
    format      ascii;
    class       volVectorField;
    location    "0.00046";
    object      U;
}
// * * * * * * * * * * * * * * * * * * * * * * * * * * * * * * * * * * * * * //

dimensions      [0 1 -1 0 0 0 0];

internalField   nonuniform List<vector> 
125
(
(2.32531 0 0)
(2.32521 0 0)
(2.32512 0 0)
(2.32503 0 0)
(2.32494 0 0)
(2.32484 0 0)
(2.32475 0 0)
(2.32466 0 0)
(2.32457 0 0)
(2.32448 0 0)
(2.32439 0 0)
(2.3243 0 0)
(2.32421 0 0)
(2.32411 0 0)
(2.32402 0 0)
(2.32393 0 0)
(2.32384 0 0)
(2.32375 0 0)
(2.32374 0 0)
(2.32388 0 0)
(2.32459 0 0)
(2.32714 0 0)
(2.33505 0 0)
(2.35713 0 0)
(2.41305 0 0)
(2.54566 0 0)
(2.84318 0 0)
(3.46303 0 0)
(4.48177 0 0)
(5.70583 0 0)
(6.91523 0 0)
(8.00565 0 0)
(8.95229 0 0)
(9.75221 0 0)
(10.4209 0 0)
(10.9767 0 0)
(11.4239 0 0)
(11.7765 0 0)
(12.0638 0 0)
(12.3085 0 0)
(12.5217 0 0)
(12.7095 0 0)
(12.8765 0 0)
(13.0264 0 0)
(13.1621 0 0)
(13.2858 0 0)
(13.3994 0 0)
(13.504 0 0)
(13.601 0 0)
(13.6912 0 0)
(13.7753 0 0)
(13.8541 0 0)
(13.9281 0 0)
(13.9978 0 0)
(14.0635 0 0)
(14.1257 0 0)
(14.1846 0 0)
(14.2406 0 0)
(14.2937 0 0)
(14.3443 0 0)
(14.3924 0 0)
(14.4371 0 0)
(14.4789 0 0)
(14.5193 0 0)
(14.5584 0 0)
(14.5961 0 0)
(14.6325 0 0)
(14.6677 0 0)
(14.7018 0 0)
(14.7349 0 0)
(14.7669 0 0)
(14.7979 0 0)
(14.828 0 0)
(14.8573 0 0)
(14.8857 0 0)
(14.9133 0 0)
(14.9402 0 0)
(14.9664 0 0)
(14.9919 0 0)
(15.0167 0 0)
(15.0409 0 0)
(15.0645 0 0)
(15.0875 0 0)
(15.1099 0 0)
(15.1318 0 0)
(15.1533 0 0)
(15.1742 0 0)
(15.1946 0 0)
(15.2146 0 0)
(15.2342 0 0)
(15.2533 0 0)
(15.272 0 0)
(15.2904 0 0)
(15.3083 0 0)
(15.3259 0 0)
(15.3432 0 0)
(15.3601 0 0)
(15.3766 0 0)
(15.3929 0 0)
(15.4088 0 0)
(15.4245 0 0)
(15.4399 0 0)
(15.4549 0 0)
(15.4697 0 0)
(15.4843 0 0)
(15.4986 0 0)
(15.5126 0 0)
(15.5264 0 0)
(15.54 0 0)
(15.5533 0 0)
(15.5665 0 0)
(15.5794 0 0)
(15.5921 0 0)
(15.6046 0 0)
(15.6169 0 0)
(15.629 0 0)
(15.6409 0 0)
(15.6527 0 0)
(15.6643 0 0)
(15.6757 0 0)
(15.6869 0 0)
(15.698 0 0)
(15.7089 0 0)
(15.7197 0 0)
(15.7303 0 0)
)
;

boundaryField
{
    boundary
    {
        type            empty;
    }
    inlet
    {
        type            fixedValue;
        value           nonuniform 0();
    }
    outlet
    {
        type            zeroGradient;
    }
    procBoundary1to0
    {
        type            processor;
        value           uniform (15.7407 0 0);
    }
    procBoundary1to3
    {
        type            processor;
        value           uniform (2.3254 0 0);
    }
}


// ************************************************************************* //
