/*--------------------------------*- C++ -*----------------------------------*\
  =========                 |
  \\      /  F ield         | OpenFOAM: The Open Source CFD Toolbox
   \\    /   O peration     | Website:  https://openfoam.org
    \\  /    A nd           | Version:  7
     \\/     M anipulation  |
\*---------------------------------------------------------------------------*/
FoamFile
{
    version     2.0;
    format      ascii;
    class       volVectorField;
    location    "0.00057";
    object      U;
}
// * * * * * * * * * * * * * * * * * * * * * * * * * * * * * * * * * * * * * //

dimensions      [0 1 -1 0 0 0 0];

internalField   nonuniform List<vector> 
126
(
(2.37189 0 0)
(2.37205 0 0)
(2.37223 0 0)
(2.37241 0 0)
(2.3726 0 0)
(2.37278 0 0)
(2.37295 0 0)
(2.37313 0 0)
(2.37331 0 0)
(2.37349 0 0)
(2.37367 0 0)
(2.37385 0 0)
(2.37403 0 0)
(2.37421 0 0)
(2.37439 0 0)
(2.37456 0 0)
(2.37474 0 0)
(2.37492 0 0)
(2.3751 0 0)
(2.37528 0 0)
(2.37546 0 0)
(2.37563 0 0)
(2.37581 0 0)
(2.37599 0 0)
(2.37617 0 0)
(2.37635 0 0)
(2.37653 0 0)
(2.3767 0 0)
(2.37688 0 0)
(2.37706 0 0)
(2.37724 0 0)
(2.37741 0 0)
(2.37759 0 0)
(2.37777 0 0)
(2.37795 0 0)
(2.37812 0 0)
(2.3783 0 0)
(2.37848 0 0)
(2.37866 0 0)
(2.37883 0 0)
(2.37901 0 0)
(2.37919 0 0)
(2.37936 0 0)
(2.37954 0 0)
(2.37972 0 0)
(2.37989 0 0)
(2.38007 0 0)
(2.38025 0 0)
(2.38042 0 0)
(2.3806 0 0)
(2.38077 0 0)
(2.38095 0 0)
(2.38113 0 0)
(2.3813 0 0)
(2.38148 0 0)
(2.38165 0 0)
(2.38183 0 0)
(2.382 0 0)
(2.38218 0 0)
(2.38236 0 0)
(2.38253 0 0)
(2.38271 0 0)
(2.38288 0 0)
(2.38306 0 0)
(2.38323 0 0)
(2.3834 0 0)
(2.38358 0 0)
(2.38375 0 0)
(2.38393 0 0)
(2.3841 0 0)
(2.38428 0 0)
(2.38445 0 0)
(2.38462 0 0)
(2.3848 0 0)
(2.38497 0 0)
(2.38515 0 0)
(2.38532 0 0)
(2.38549 0 0)
(2.38567 0 0)
(2.38584 0 0)
(2.38601 0 0)
(2.38619 0 0)
(2.38636 0 0)
(2.38653 0 0)
(2.3867 0 0)
(2.38688 0 0)
(2.38705 0 0)
(2.38722 0 0)
(2.38739 0 0)
(2.38757 0 0)
(2.38774 0 0)
(2.38791 0 0)
(2.38808 0 0)
(2.38825 0 0)
(2.38843 0 0)
(2.3886 0 0)
(2.38877 0 0)
(2.38894 0 0)
(2.38911 0 0)
(2.38928 0 0)
(2.38945 0 0)
(2.38962 0 0)
(2.38979 0 0)
(2.38997 0 0)
(2.39014 0 0)
(2.39031 0 0)
(2.39048 0 0)
(2.39065 0 0)
(2.39082 0 0)
(2.39099 0 0)
(2.39116 0 0)
(2.39133 0 0)
(2.3915 0 0)
(2.39167 0 0)
(2.39184 0 0)
(2.39201 0 0)
(2.39218 0 0)
(2.39234 0 0)
(2.39251 0 0)
(2.39268 0 0)
(2.39285 0 0)
(2.39302 0 0)
(2.39319 0 0)
(2.39336 0 0)
(2.39353 0 0)
(2.39371 0 0)
)
;

boundaryField
{
    boundary
    {
        type            empty;
    }
    inlet
    {
        type            fixedValue;
        value           nonuniform 0();
    }
    outlet
    {
        type            zeroGradient;
    }
    procBoundary3to1
    {
        type            processor;
        value           uniform (2.39388 0 0);
    }
    procBoundary3to2
    {
        type            processor;
        value           uniform (2.3717 0 0);
    }
}


// ************************************************************************* //
