/*--------------------------------*- C++ -*----------------------------------*\
  =========                 |
  \\      /  F ield         | OpenFOAM: The Open Source CFD Toolbox
   \\    /   O peration     | Website:  https://openfoam.org
    \\  /    A nd           | Version:  7
     \\/     M anipulation  |
\*---------------------------------------------------------------------------*/
FoamFile
{
    version     2.0;
    format      ascii;
    class       volVectorField;
    location    "0.00091";
    object      U;
}
// * * * * * * * * * * * * * * * * * * * * * * * * * * * * * * * * * * * * * //

dimensions      [0 1 -1 0 0 0 0];

internalField   nonuniform List<vector> 
125
(
(2.34313 0 0)
(2.34313 0 0)
(2.34312 0 0)
(2.34311 0 0)
(2.34311 0 0)
(2.3431 0 0)
(2.3431 0 0)
(2.34309 0 0)
(2.34308 0 0)
(2.34308 0 0)
(2.34307 0 0)
(2.34306 0 0)
(2.34305 0 0)
(2.34305 0 0)
(2.34304 0 0)
(2.34304 0 0)
(2.34308 0 0)
(2.34325 0 0)
(2.34385 0 0)
(2.34584 0 0)
(2.35192 0 0)
(2.36911 0 0)
(2.41349 0 0)
(2.51993 0 0)
(2.76322 0 0)
(3.27936 0 0)
(4.20654 0 0)
(5.4025 0 0)
(6.63399 0 0)
(7.76313 0 0)
(8.75354 0 0)
(9.59918 0 0)
(10.3039 0 0)
(10.8806 0 0)
(11.3435 0 0)
(11.7138 0 0)
(12.0181 0 0)
(12.276 0 0)
(12.4991 0 0)
(12.6947 0 0)
(12.8681 0 0)
(13.0235 0 0)
(13.1639 0 0)
(13.2917 0 0)
(13.4087 0 0)
(13.5164 0 0)
(13.616 0 0)
(13.7084 0 0)
(13.7946 0 0)
(13.8752 0 0)
(13.9507 0 0)
(14.0218 0 0)
(14.0888 0 0)
(14.1521 0 0)
(14.212 0 0)
(14.2689 0 0)
(14.323 0 0)
(14.3744 0 0)
(14.4235 0 0)
(14.4703 0 0)
(14.5149 0 0)
(14.5565 0 0)
(14.5954 0 0)
(14.6332 0 0)
(14.6697 0 0)
(14.7051 0 0)
(14.7392 0 0)
(14.7724 0 0)
(14.8045 0 0)
(14.8356 0 0)
(14.8659 0 0)
(14.8952 0 0)
(14.9238 0 0)
(14.9515 0 0)
(14.9785 0 0)
(15.0048 0 0)
(15.0304 0 0)
(15.0553 0 0)
(15.0796 0 0)
(15.1033 0 0)
(15.1264 0 0)
(15.149 0 0)
(15.1711 0 0)
(15.1926 0 0)
(15.2136 0 0)
(15.2342 0 0)
(15.2543 0 0)
(15.274 0 0)
(15.2933 0 0)
(15.3121 0 0)
(15.3306 0 0)
(15.3487 0 0)
(15.3664 0 0)
(15.3838 0 0)
(15.4008 0 0)
(15.4175 0 0)
(15.4339 0 0)
(15.45 0 0)
(15.4657 0 0)
(15.4812 0 0)
(15.4964 0 0)
(15.5114 0 0)
(15.526 0 0)
(15.5404 0 0)
(15.5546 0 0)
(15.5685 0 0)
(15.5822 0 0)
(15.5956 0 0)
(15.6089 0 0)
(15.6219 0 0)
(15.6347 0 0)
(15.6473 0 0)
(15.6597 0 0)
(15.6719 0 0)
(15.684 0 0)
(15.6958 0 0)
(15.7075 0 0)
(15.719 0 0)
(15.7303 0 0)
(15.7414 0 0)
(15.7524 0 0)
(15.7633 0 0)
(15.7739 0 0)
(15.7844 0 0)
(15.7947 0 0)
)
;

boundaryField
{
    boundary
    {
        type            empty;
    }
    inlet
    {
        type            fixedValue;
        value           nonuniform 0();
    }
    outlet
    {
        type            zeroGradient;
    }
    procBoundary1to0
    {
        type            processor;
        value           uniform (15.8049 0 0);
    }
    procBoundary1to3
    {
        type            processor;
        value           uniform (2.34314 0 0);
    }
}


// ************************************************************************* //
