/*--------------------------------*- C++ -*----------------------------------*\
  =========                 |
  \\      /  F ield         | OpenFOAM: The Open Source CFD Toolbox
   \\    /   O peration     | Website:  https://openfoam.org
    \\  /    A nd           | Version:  7
     \\/     M anipulation  |
\*---------------------------------------------------------------------------*/
FoamFile
{
    version     2.0;
    format      ascii;
    class       volVectorField;
    location    "0.00092";
    object      U;
}
// * * * * * * * * * * * * * * * * * * * * * * * * * * * * * * * * * * * * * //

dimensions      [0 1 -1 0 0 0 0];

internalField   nonuniform List<vector> 
124
(
(15.8019 0 0)
(15.8119 0 0)
(15.8219 0 0)
(15.8317 0 0)
(15.8414 0 0)
(15.851 0 0)
(15.8604 0 0)
(15.8697 0 0)
(15.8789 0 0)
(15.888 0 0)
(15.897 0 0)
(15.9058 0 0)
(15.9145 0 0)
(15.9232 0 0)
(15.9317 0 0)
(15.9401 0 0)
(15.9484 0 0)
(15.9566 0 0)
(15.9648 0 0)
(15.9728 0 0)
(15.9807 0 0)
(15.9886 0 0)
(15.9963 0 0)
(16.004 0 0)
(16.0115 0 0)
(16.019 0 0)
(16.0264 0 0)
(16.0337 0 0)
(16.0409 0 0)
(16.0481 0 0)
(16.0552 0 0)
(16.0622 0 0)
(16.0691 0 0)
(16.0759 0 0)
(16.0827 0 0)
(16.0894 0 0)
(16.096 0 0)
(16.1026 0 0)
(16.1091 0 0)
(16.1155 0 0)
(16.1219 0 0)
(16.1282 0 0)
(16.1344 0 0)
(16.1406 0 0)
(16.1467 0 0)
(16.1527 0 0)
(16.1587 0 0)
(16.1646 0 0)
(16.1705 0 0)
(16.1763 0 0)
(16.182 0 0)
(16.1877 0 0)
(16.1934 0 0)
(16.1989 0 0)
(16.2045 0 0)
(16.2099 0 0)
(16.2154 0 0)
(16.2207 0 0)
(16.2261 0 0)
(16.2313 0 0)
(16.2366 0 0)
(16.2417 0 0)
(16.2469 0 0)
(16.2519 0 0)
(16.257 0 0)
(16.262 0 0)
(16.2669 0 0)
(16.2718 0 0)
(16.2766 0 0)
(16.2814 0 0)
(16.2862 0 0)
(16.2909 0 0)
(16.2956 0 0)
(16.3002 0 0)
(16.3048 0 0)
(16.3094 0 0)
(16.3139 0 0)
(16.3184 0 0)
(16.3228 0 0)
(16.3272 0 0)
(16.3316 0 0)
(16.3359 0 0)
(16.3402 0 0)
(16.3444 0 0)
(16.3486 0 0)
(16.3528 0 0)
(16.357 0 0)
(16.3611 0 0)
(16.3651 0 0)
(16.3692 0 0)
(16.3732 0 0)
(16.3772 0 0)
(16.3811 0 0)
(16.385 0 0)
(16.3889 0 0)
(16.3927 0 0)
(16.3965 0 0)
(16.4003 0 0)
(16.4041 0 0)
(16.4078 0 0)
(16.4115 0 0)
(16.4151 0 0)
(16.4187 0 0)
(16.4224 0 0)
(16.4259 0 0)
(16.4295 0 0)
(16.433 0 0)
(16.4365 0 0)
(16.4399 0 0)
(16.4434 0 0)
(16.4468 0 0)
(16.4502 0 0)
(16.4536 0 0)
(16.4569 0 0)
(16.4603 0 0)
(16.4636 0 0)
(16.4669 0 0)
(16.4702 0 0)
(16.4735 0 0)
(16.4768 0 0)
(16.4801 0 0)
(16.4832 0 0)
(16.4858 0 0)
(16.4877 0 0)
)
;

boundaryField
{
    boundary
    {
        type            empty;
    }
    inlet
    {
        type            fixedValue;
        value           nonuniform 0();
    }
    outlet
    {
        type            zeroGradient;
    }
    procBoundary0to1
    {
        type            processor;
        value           uniform (15.7917 0 0);
    }
}


// ************************************************************************* //
