/*--------------------------------*- C++ -*----------------------------------*\
  =========                 |
  \\      /  F ield         | OpenFOAM: The Open Source CFD Toolbox
   \\    /   O peration     | Website:  https://openfoam.org
    \\  /    A nd           | Version:  7
     \\/     M anipulation  |
\*---------------------------------------------------------------------------*/
FoamFile
{
    version     2.0;
    format      ascii;
    class       volScalarField;
    location    "0.00063";
    object      p;
}
// * * * * * * * * * * * * * * * * * * * * * * * * * * * * * * * * * * * * * //

dimensions      [1 -1 -2 0 0 0 0];

internalField   nonuniform List<scalar> 
500
(
103144
103144
103144
103144
103144
103144
103144
103144
103144
103144
103144
103144
103144
103144
103144
103144
103144
103144
103144
103144
103144
103144
103144
103144
103144
103144
103144
103144
103144
103144
103144
103144
103144
103144
103144
103144
103144
103144
103144
103144
103144
103144
103144
103144
103144
103144
103144
103144
103144
103144
103144
103144
103144
103144
103144
103144
103144
103144
103144
103144
103144
103144
103144
103144
103144
103144
103144
103144
103144
103144
103144
103144
103144
103144
103144
103144
103144
103144
103144
103144
103144
103144
103144
103144
103144
103144
103144
103145
103145
103145
103145
103145
103145
103145
103145
103145
103145
103145
103145
103145
103145
103145
103145
103145
103145
103145
103145
103145
103145
103145
103145
103145
103145
103145
103145
103145
103145
103145
103145
103145
103145
103145
103145
103145
103145
103145
103145
103145
103145
103145
103145
103145
103145
103145
103145
103145
103145
103145
103145
103145
103145
103145
103145
103145
103145
103145
103145
103145
103145
103145
103145
103145
103145
103145
103145
103145
103145
103145
103145
103145
103145
103145
103145
103145
103145
103145
103145
103145
103145
103145
103145
103145
103145
103145
103145
103145
103145
103145
103145
103145
103145
103145
103145
103145
103145
103145
103145
103145
103145
103145
103145
103145
103145
103145
103145
103145
103145
103145
103145
103145
103145
103145
103145
103145
103146
103146
103146
103146
103146
103146
103146
103146
103146
103146
103146
103146
103146
103146
103146
103146
103146
103146
103146
103146
103146
103146
103146
103146
103146
103146
103146
103146
103146
103146
103146
103146
103146
103146
103146
103146
103146
103146
103146
103146
103146
103146
103146
103146
103146
103146
103146
103146
103146
103146
103146
103146
103146
103146
103146
103146
103146
103146
103146
103146
103146
103146
103146
103146
103146
103146
103146
103146
103146
103146
103146
103146
103146
103145
103144
103142
103140
103137
103135
103133
103131
103130
103128
103127
103127
103126
103125
103125
103125
103124
103124
103124
103123
103123
103123
103123
103122
103122
103122
103122
103122
103122
103121
103121
103121
103121
103121
103121
103121
103121
103121
103120
103120
103120
103120
103120
103120
103120
103120
103120
103120
103120
103120
103120
103120
103120
103120
103119
103119
103119
103119
103119
103119
103119
103119
103119
103119
103119
103119
103119
103119
103119
103119
103119
103119
103119
103119
103119
103119
103119
103119
103119
103119
103119
103118
103118
103118
103118
103118
103118
103118
103118
103118
103118
103118
103118
103118
103118
103118
103118
103118
103118
103118
103118
103118
103118
103118
103118
103118
103118
103118
103118
103118
103118
103118
103118
103118
103118
103118
103118
103118
103118
103118
103118
103118
103118
103118
103118
103118
103118
103118
103118
103118
103118
103118
103118
103118
103118
103118
103118
103118
103118
103118
103118
103118
103118
103118
103118
103118
103117
103117
103117
103117
103117
103117
103117
103117
103117
103117
103117
103117
103117
103117
103117
103117
103117
103117
103117
103117
103117
103117
103117
103117
103117
103117
103117
103117
103117
103117
103117
103117
103117
103117
103117
103117
103117
103117
103117
103117
103117
103117
103117
103117
103117
103117
103117
103117
103117
103117
103117
103117
103117
103117
103117
103117
103117
103117
103117
103117
103117
103117
103117
103117
103117
103117
103117
103117
103117
103117
103117
103117
103117
103117
103117
103117
103117
)
;

boundaryField
{
    boundary
    {
        type            empty;
    }
    inlet
    {
        type            zeroGradient;
    }
    outlet
    {
        type            waveTransmissive;
        gamma           1.4;
        value           uniform 103117;
    }
}


// ************************************************************************* //
