/*--------------------------------*- C++ -*----------------------------------*\
  =========                 |
  \\      /  F ield         | OpenFOAM: The Open Source CFD Toolbox
   \\    /   O peration     | Website:  https://openfoam.org
    \\  /    A nd           | Version:  7
     \\/     M anipulation  |
\*---------------------------------------------------------------------------*/
FoamFile
{
    version     2.0;
    format      ascii;
    class       volScalarField;
    location    "0.00074";
    object      p;
}
// * * * * * * * * * * * * * * * * * * * * * * * * * * * * * * * * * * * * * //

dimensions      [1 -1 -2 0 0 0 0];

internalField   nonuniform List<scalar> 
500
(
103122
103122
103122
103122
103122
103122
103122
103122
103122
103122
103122
103122
103122
103122
103122
103122
103122
103122
103122
103122
103122
103122
103122
103122
103122
103122
103122
103122
103122
103122
103122
103122
103122
103122
103122
103122
103122
103122
103122
103122
103122
103122
103122
103122
103122
103122
103122
103122
103122
103122
103122
103122
103122
103122
103122
103122
103122
103122
103122
103122
103122
103122
103122
103122
103122
103122
103122
103122
103122
103122
103122
103122
103122
103122
103122
103122
103122
103122
103122
103122
103122
103122
103122
103122
103123
103123
103123
103123
103123
103123
103123
103123
103123
103123
103123
103123
103123
103123
103123
103123
103123
103123
103123
103123
103123
103123
103123
103123
103123
103123
103123
103123
103123
103123
103123
103123
103123
103123
103123
103123
103123
103123
103123
103123
103123
103123
103123
103123
103123
103123
103123
103123
103123
103123
103123
103123
103123
103123
103123
103123
103123
103123
103123
103123
103123
103123
103123
103123
103123
103123
103123
103123
103123
103123
103123
103123
103123
103123
103123
103123
103123
103123
103123
103123
103123
103123
103123
103123
103123
103123
103123
103123
103123
103123
103123
103123
103123
103123
103123
103123
103123
103123
103123
103123
103123
103123
103123
103123
103123
103123
103123
103123
103123
103123
103123
103123
103123
103123
103123
103123
103123
103123
103123
103123
103123
103123
103123
103123
103123
103123
103123
103123
103123
103123
103123
103123
103123
103123
103123
103123
103123
103123
103123
103123
103123
103123
103123
103123
103123
103123
103123
103123
103123
103123
103123
103123
103123
103123
103123
103123
103123
103123
103123
103123
103123
103123
103123
103123
103123
103123
103123
103123
103123
103123
103123
103123
103123
103123
103123
103123
103123
103123
103123
103123
103123
103123
103123
103123
103124
103124
103124
103124
103124
103124
103123
103123
103123
103122
103120
103118
103116
103113
103111
103109
103108
103106
103105
103104
103103
103103
103102
103102
103101
103101
103101
103100
103100
103100
103100
103100
103099
103099
103099
103099
103099
103099
103098
103098
103098
103098
103098
103098
103098
103098
103098
103098
103097
103097
103097
103097
103097
103097
103097
103097
103097
103097
103097
103097
103097
103097
103097
103096
103096
103096
103096
103096
103096
103096
103096
103096
103096
103096
103096
103096
103096
103096
103096
103096
103096
103096
103096
103096
103096
103096
103096
103096
103096
103095
103095
103095
103095
103095
103095
103095
103095
103095
103095
103095
103095
103095
103095
103095
103095
103095
103095
103095
103095
103095
103095
103095
103095
103095
103095
103095
103095
103095
103095
103095
103095
103095
103095
103095
103095
103095
103095
103095
103095
103095
103095
103095
103095
103095
103095
103095
103095
103095
103095
103095
103094
103094
103094
103094
103094
103094
103094
103094
103094
103094
103094
103094
103094
103094
103094
103094
103094
103094
103094
103094
103094
103094
103094
103094
103094
103094
103094
103094
103094
103094
103094
103094
103094
103094
103094
103094
103094
103094
103094
103094
103094
103094
103094
103094
103094
103094
103094
103094
103094
103094
103094
103094
103094
103094
103094
103094
103094
103094
103094
103094
103094
103094
103094
103094
103094
103094
103094
103094
103094
103094
103094
103094
103094
103094
103094
103094
103094
103094
103094
103094
103094
103094
103094
103094
103094
103094
103094
103094
103094
103094
103094
103094
)
;

boundaryField
{
    boundary
    {
        type            empty;
    }
    inlet
    {
        type            zeroGradient;
    }
    outlet
    {
        type            waveTransmissive;
        gamma           1.4;
        value           uniform 103094;
    }
}


// ************************************************************************* //
