/*--------------------------------*- C++ -*----------------------------------*\
  =========                 |
  \\      /  F ield         | OpenFOAM: The Open Source CFD Toolbox
   \\    /   O peration     | Website:  https://openfoam.org
    \\  /    A nd           | Version:  7
     \\/     M anipulation  |
\*---------------------------------------------------------------------------*/
FoamFile
{
    version     2.0;
    format      ascii;
    class       volVectorField;
    location    "0.00021";
    object      U;
}
// * * * * * * * * * * * * * * * * * * * * * * * * * * * * * * * * * * * * * //

dimensions      [0 1 -1 0 0 0 0];

internalField   nonuniform List<vector> 
125
(
(2.29807 0 0)
(2.29795 0 0)
(2.29783 0 0)
(2.2977 0 0)
(2.29758 0 0)
(2.29745 0 0)
(2.29733 0 0)
(2.2972 0 0)
(2.29708 0 0)
(2.29695 0 0)
(2.29683 0 0)
(2.29671 0 0)
(2.29658 0 0)
(2.29646 0 0)
(2.29633 0 0)
(2.29621 0 0)
(2.29609 0 0)
(2.29596 0 0)
(2.29585 0 0)
(2.29574 0 0)
(2.2958 0 0)
(2.29625 0 0)
(2.29809 0 0)
(2.30414 0 0)
(2.32173 0 0)
(2.36757 0 0)
(2.47795 0 0)
(2.73049 0 0)
(3.26558 0 0)
(4.2122 0 0)
(5.41492 0 0)
(6.64162 0 0)
(7.76153 0 0)
(8.74072 0 0)
(9.57385 0 0)
(10.269 0 0)
(10.8415 0 0)
(11.3017 0 0)
(11.6677 0 0)
(11.9674 0 0)
(12.2217 0 0)
(12.4421 0 0)
(12.6356 0 0)
(12.8073 0 0)
(12.9612 0 0)
(13.1003 0 0)
(13.2271 0 0)
(13.3432 0 0)
(13.4502 0 0)
(13.5492 0 0)
(13.6411 0 0)
(13.7269 0 0)
(13.8071 0 0)
(13.8824 0 0)
(13.9532 0 0)
(14.0199 0 0)
(14.083 0 0)
(14.1427 0 0)
(14.1993 0 0)
(14.2529 0 0)
(14.3039 0 0)
(14.3511 0 0)
(14.3952 0 0)
(14.4377 0 0)
(14.4787 0 0)
(14.5183 0 0)
(14.5564 0 0)
(14.5931 0 0)
(14.6287 0 0)
(14.663 0 0)
(14.6963 0 0)
(14.7285 0 0)
(14.7597 0 0)
(14.7899 0 0)
(14.8193 0 0)
(14.8478 0 0)
(14.8755 0 0)
(14.9024 0 0)
(14.9286 0 0)
(14.9541 0 0)
(14.9789 0 0)
(15.0031 0 0)
(15.0267 0 0)
(15.0498 0 0)
(15.0723 0 0)
(15.0943 0 0)
(15.1158 0 0)
(15.1369 0 0)
(15.1576 0 0)
(15.1778 0 0)
(15.1977 0 0)
(15.2172 0 0)
(15.2363 0 0)
(15.2552 0 0)
(15.2737 0 0)
(15.2919 0 0)
(15.3098 0 0)
(15.3274 0 0)
(15.3448 0 0)
(15.3618 0 0)
(15.3786 0 0)
(15.3951 0 0)
(15.4113 0 0)
(15.4272 0 0)
(15.4428 0 0)
(15.458 0 0)
(15.4729 0 0)
(15.4874 0 0)
(15.5016 0 0)
(15.5153 0 0)
(15.5286 0 0)
(15.5414 0 0)
(15.5537 0 0)
(15.5655 0 0)
(15.5768 0 0)
(15.5876 0 0)
(15.5977 0 0)
(15.6073 0 0)
(15.6163 0 0)
(15.6246 0 0)
(15.6324 0 0)
(15.6396 0 0)
(15.6463 0 0)
(15.6524 0 0)
(15.6579 0 0)
)
;

boundaryField
{
    boundary
    {
        type            empty;
    }
    inlet
    {
        type            fixedValue;
        value           nonuniform 0();
    }
    outlet
    {
        type            zeroGradient;
    }
    procBoundary1to0
    {
        type            processor;
        value           uniform (15.6626 0 0);
    }
    procBoundary1to3
    {
        type            processor;
        value           uniform (2.2982 0 0);
    }
}


// ************************************************************************* //
