/*--------------------------------*- C++ -*----------------------------------*\
  =========                 |
  \\      /  F ield         | OpenFOAM: The Open Source CFD Toolbox
   \\    /   O peration     | Website:  https://openfoam.org
    \\  /    A nd           | Version:  7
     \\/     M anipulation  |
\*---------------------------------------------------------------------------*/
FoamFile
{
    version     2.0;
    format      ascii;
    class       volVectorField;
    location    "0.00056";
    object      U;
}
// * * * * * * * * * * * * * * * * * * * * * * * * * * * * * * * * * * * * * //

dimensions      [0 1 -1 0 0 0 0];

internalField   nonuniform List<vector> 
125
(
(2.34898 0 0)
(2.34918 0 0)
(2.34938 0 0)
(2.34956 0 0)
(2.34973 0 0)
(2.34989 0 0)
(2.35006 0 0)
(2.35023 0 0)
(2.3504 0 0)
(2.35056 0 0)
(2.35073 0 0)
(2.35089 0 0)
(2.35106 0 0)
(2.35123 0 0)
(2.35139 0 0)
(2.35156 0 0)
(2.35173 0 0)
(2.35191 0 0)
(2.35208 0 0)
(2.35226 0 0)
(2.35244 0 0)
(2.35262 0 0)
(2.35281 0 0)
(2.353 0 0)
(2.35319 0 0)
(2.35338 0 0)
(2.35358 0 0)
(2.35377 0 0)
(2.35397 0 0)
(2.35417 0 0)
(2.35436 0 0)
(2.35456 0 0)
(2.35475 0 0)
(2.35493 0 0)
(2.35512 0 0)
(2.35529 0 0)
(2.35547 0 0)
(2.35563 0 0)
(2.35579 0 0)
(2.35595 0 0)
(2.3561 0 0)
(2.35624 0 0)
(2.35638 0 0)
(2.35652 0 0)
(2.35665 0 0)
(2.35678 0 0)
(2.35691 0 0)
(2.35704 0 0)
(2.35717 0 0)
(2.3573 0 0)
(2.35743 0 0)
(2.35757 0 0)
(2.3577 0 0)
(2.35784 0 0)
(2.35798 0 0)
(2.35812 0 0)
(2.35827 0 0)
(2.35842 0 0)
(2.35857 0 0)
(2.35872 0 0)
(2.35887 0 0)
(2.35903 0 0)
(2.35918 0 0)
(2.35934 0 0)
(2.3595 0 0)
(2.35966 0 0)
(2.35982 0 0)
(2.35998 0 0)
(2.36014 0 0)
(2.3603 0 0)
(2.36046 0 0)
(2.36063 0 0)
(2.36079 0 0)
(2.36095 0 0)
(2.36111 0 0)
(2.36127 0 0)
(2.36143 0 0)
(2.3616 0 0)
(2.36176 0 0)
(2.36192 0 0)
(2.36208 0 0)
(2.36224 0 0)
(2.36241 0 0)
(2.36257 0 0)
(2.36273 0 0)
(2.36289 0 0)
(2.36305 0 0)
(2.36321 0 0)
(2.36338 0 0)
(2.36354 0 0)
(2.3637 0 0)
(2.36386 0 0)
(2.36402 0 0)
(2.36418 0 0)
(2.36434 0 0)
(2.36451 0 0)
(2.36467 0 0)
(2.36483 0 0)
(2.36499 0 0)
(2.36515 0 0)
(2.36531 0 0)
(2.36547 0 0)
(2.36563 0 0)
(2.3658 0 0)
(2.36596 0 0)
(2.36612 0 0)
(2.36628 0 0)
(2.36644 0 0)
(2.3666 0 0)
(2.36676 0 0)
(2.36692 0 0)
(2.36708 0 0)
(2.36724 0 0)
(2.3674 0 0)
(2.36756 0 0)
(2.36772 0 0)
(2.36788 0 0)
(2.36804 0 0)
(2.3682 0 0)
(2.36837 0 0)
(2.36853 0 0)
(2.36869 0 0)
(2.36885 0 0)
(2.36901 0 0)
(2.36918 0 0)
)
;

boundaryField
{
    boundary
    {
        type            empty;
    }
    inlet
    {
        type            fixedValue;
        value           uniform (2.34893 0 0);
    }
    outlet
    {
        type            zeroGradient;
    }
    procBoundary2to3
    {
        type            processor;
        value           uniform (2.36934 0 0);
    }
}


// ************************************************************************* //
