/*--------------------------------*- C++ -*----------------------------------*\
  =========                 |
  \\      /  F ield         | OpenFOAM: The Open Source CFD Toolbox
   \\    /   O peration     | Website:  https://openfoam.org
    \\  /    A nd           | Version:  7
     \\/     M anipulation  |
\*---------------------------------------------------------------------------*/
FoamFile
{
    version     2.0;
    format      ascii;
    class       volVectorField;
    location    "0.00013";
    object      U;
}
// * * * * * * * * * * * * * * * * * * * * * * * * * * * * * * * * * * * * * //

dimensions      [0 1 -1 0 0 0 0];

internalField   nonuniform List<vector> 
125
(
(2.13763 0 0)
(2.1369 0 0)
(2.13619 0 0)
(2.13546 0 0)
(2.13474 0 0)
(2.13402 0 0)
(2.13332 0 0)
(2.13262 0 0)
(2.13192 0 0)
(2.13123 0 0)
(2.13055 0 0)
(2.12987 0 0)
(2.12919 0 0)
(2.12853 0 0)
(2.12787 0 0)
(2.12721 0 0)
(2.12656 0 0)
(2.12591 0 0)
(2.12528 0 0)
(2.12465 0 0)
(2.12406 0 0)
(2.12362 0 0)
(2.12391 0 0)
(2.12625 0 0)
(2.13524 0 0)
(2.16202 0 0)
(2.23132 0 0)
(2.3976 0 0)
(2.76561 0 0)
(3.51104 0 0)
(4.6164 0 0)
(5.85297 0 0)
(7.02954 0 0)
(8.07617 0 0)
(8.97735 0 0)
(9.73016 0 0)
(10.3531 0 0)
(10.8692 0 0)
(11.2857 0 0)
(11.6162 0 0)
(11.8872 0 0)
(12.1193 0 0)
(12.3223 0 0)
(12.5017 0 0)
(12.6617 0 0)
(12.8055 0 0)
(12.9359 0 0)
(13.0549 0 0)
(13.1642 0 0)
(13.265 0 0)
(13.3583 0 0)
(13.4452 0 0)
(13.5263 0 0)
(13.6022 0 0)
(13.6736 0 0)
(13.7408 0 0)
(13.8043 0 0)
(13.8644 0 0)
(13.9214 0 0)
(13.9756 0 0)
(14.0272 0 0)
(14.075 0 0)
(14.1198 0 0)
(14.1632 0 0)
(14.2051 0 0)
(14.2456 0 0)
(14.2847 0 0)
(14.3226 0 0)
(14.3592 0 0)
(14.3946 0 0)
(14.4289 0 0)
(14.4619 0 0)
(14.4938 0 0)
(14.5244 0 0)
(14.5538 0 0)
(14.5819 0 0)
(14.6087 0 0)
(14.6341 0 0)
(14.6582 0 0)
(14.6808 0 0)
(14.7019 0 0)
(14.7215 0 0)
(14.7395 0 0)
(14.756 0 0)
(14.7709 0 0)
(14.7843 0 0)
(14.7961 0 0)
(14.8064 0 0)
(14.8152 0 0)
(14.8225 0 0)
(14.8285 0 0)
(14.8332 0 0)
(14.8366 0 0)
(14.8389 0 0)
(14.8402 0 0)
(14.8405 0 0)
(14.84 0 0)
(14.8388 0 0)
(14.8369 0 0)
(14.8346 0 0)
(14.8318 0 0)
(14.8288 0 0)
(14.8255 0 0)
(14.8222 0 0)
(14.8188 0 0)
(14.8154 0 0)
(14.8121 0 0)
(14.809 0 0)
(14.8061 0 0)
(14.8034 0 0)
(14.801 0 0)
(14.7989 0 0)
(14.7971 0 0)
(14.7956 0 0)
(14.7944 0 0)
(14.7934 0 0)
(14.7929 0 0)
(14.7925 0 0)
(14.7925 0 0)
(14.7926 0 0)
(14.7928 0 0)
(14.7936 0 0)
(14.7945 0 0)
(14.7956 0 0)
(14.7969 0 0)
)
;

boundaryField
{
    boundary
    {
        type            empty;
    }
    inlet
    {
        type            fixedValue;
        value           nonuniform 0();
    }
    outlet
    {
        type            zeroGradient;
    }
    procBoundary1to0
    {
        type            processor;
        value           uniform (14.7978 0 0);
    }
    procBoundary1to3
    {
        type            processor;
        value           uniform (2.13838 0 0);
    }
}


// ************************************************************************* //
