/*--------------------------------*- C++ -*----------------------------------*\
  =========                 |
  \\      /  F ield         | OpenFOAM: The Open Source CFD Toolbox
   \\    /   O peration     | Website:  https://openfoam.org
    \\  /    A nd           | Version:  7
     \\/     M anipulation  |
\*---------------------------------------------------------------------------*/
FoamFile
{
    version     2.0;
    format      ascii;
    class       volVectorField;
    location    "0.00053";
    object      U;
}
// * * * * * * * * * * * * * * * * * * * * * * * * * * * * * * * * * * * * * //

dimensions      [0 1 -1 0 0 0 0];

internalField   nonuniform List<vector> 
125
(
(2.34896 0 0)
(2.34905 0 0)
(2.34912 0 0)
(2.34918 0 0)
(2.34924 0 0)
(2.3493 0 0)
(2.34936 0 0)
(2.34942 0 0)
(2.34948 0 0)
(2.34954 0 0)
(2.3496 0 0)
(2.34967 0 0)
(2.34973 0 0)
(2.3498 0 0)
(2.34986 0 0)
(2.34993 0 0)
(2.35 0 0)
(2.35008 0 0)
(2.35015 0 0)
(2.35023 0 0)
(2.35032 0 0)
(2.3504 0 0)
(2.35049 0 0)
(2.35058 0 0)
(2.35067 0 0)
(2.35077 0 0)
(2.35086 0 0)
(2.35096 0 0)
(2.35105 0 0)
(2.35114 0 0)
(2.35123 0 0)
(2.35132 0 0)
(2.3514 0 0)
(2.35147 0 0)
(2.35154 0 0)
(2.3516 0 0)
(2.35166 0 0)
(2.35171 0 0)
(2.35175 0 0)
(2.35179 0 0)
(2.35183 0 0)
(2.35186 0 0)
(2.35188 0 0)
(2.35191 0 0)
(2.35193 0 0)
(2.35196 0 0)
(2.35198 0 0)
(2.35201 0 0)
(2.35203 0 0)
(2.35206 0 0)
(2.35209 0 0)
(2.35213 0 0)
(2.35217 0 0)
(2.35221 0 0)
(2.35225 0 0)
(2.3523 0 0)
(2.35234 0 0)
(2.35239 0 0)
(2.35244 0 0)
(2.3525 0 0)
(2.35255 0 0)
(2.35261 0 0)
(2.35266 0 0)
(2.35272 0 0)
(2.35278 0 0)
(2.35283 0 0)
(2.35289 0 0)
(2.35295 0 0)
(2.35301 0 0)
(2.35307 0 0)
(2.35313 0 0)
(2.35318 0 0)
(2.35324 0 0)
(2.3533 0 0)
(2.35336 0 0)
(2.35342 0 0)
(2.35348 0 0)
(2.35354 0 0)
(2.3536 0 0)
(2.35366 0 0)
(2.35371 0 0)
(2.35377 0 0)
(2.35383 0 0)
(2.35389 0 0)
(2.35395 0 0)
(2.35401 0 0)
(2.35407 0 0)
(2.35413 0 0)
(2.35419 0 0)
(2.35424 0 0)
(2.3543 0 0)
(2.35436 0 0)
(2.35442 0 0)
(2.35448 0 0)
(2.35454 0 0)
(2.3546 0 0)
(2.35465 0 0)
(2.35471 0 0)
(2.35477 0 0)
(2.35483 0 0)
(2.35489 0 0)
(2.35495 0 0)
(2.35501 0 0)
(2.35506 0 0)
(2.35512 0 0)
(2.35518 0 0)
(2.35524 0 0)
(2.3553 0 0)
(2.35536 0 0)
(2.35542 0 0)
(2.35547 0 0)
(2.35553 0 0)
(2.35559 0 0)
(2.35565 0 0)
(2.35571 0 0)
(2.35576 0 0)
(2.35582 0 0)
(2.35588 0 0)
(2.35594 0 0)
(2.356 0 0)
(2.35606 0 0)
(2.35611 0 0)
(2.35617 0 0)
(2.35623 0 0)
(2.35629 0 0)
)
;

boundaryField
{
    boundary
    {
        type            empty;
    }
    inlet
    {
        type            fixedValue;
        value           uniform (2.34893 0 0);
    }
    outlet
    {
        type            zeroGradient;
    }
    procBoundary2to3
    {
        type            processor;
        value           uniform (2.35635 0 0);
    }
}


// ************************************************************************* //
