/*--------------------------------*- C++ -*----------------------------------*\
  =========                 |
  \\      /  F ield         | OpenFOAM: The Open Source CFD Toolbox
   \\    /   O peration     | Website:  https://openfoam.org
    \\  /    A nd           | Version:  7
     \\/     M anipulation  |
\*---------------------------------------------------------------------------*/
FoamFile
{
    version     2.0;
    format      ascii;
    class       volVectorField;
    location    "0.00012";
    object      U;
}
// * * * * * * * * * * * * * * * * * * * * * * * * * * * * * * * * * * * * * //

dimensions      [0 1 -1 0 0 0 0];

internalField   nonuniform List<vector> 
125
(
(2.14035 0 0)
(2.13992 0 0)
(2.1395 0 0)
(2.13906 0 0)
(2.13862 0 0)
(2.13818 0 0)
(2.13776 0 0)
(2.13734 0 0)
(2.13692 0 0)
(2.1365 0 0)
(2.13609 0 0)
(2.13568 0 0)
(2.13527 0 0)
(2.13487 0 0)
(2.13447 0 0)
(2.13408 0 0)
(2.13368 0 0)
(2.13329 0 0)
(2.13291 0 0)
(2.13253 0 0)
(2.13217 0 0)
(2.13195 0 0)
(2.13231 0 0)
(2.13454 0 0)
(2.14275 0 0)
(2.16717 0 0)
(2.23049 0 0)
(2.38224 0 0)
(2.72111 0 0)
(3.41684 0 0)
(4.48984 0 0)
(5.71965 0 0)
(6.90417 0 0)
(7.96238 0 0)
(8.87639 0 0)
(9.64337 0 0)
(10.2803 0 0)
(10.808 0 0)
(11.2332 0 0)
(11.5701 0 0)
(11.8457 0 0)
(12.0812 0 0)
(12.2869 0 0)
(12.4683 0 0)
(12.6299 0 0)
(12.7751 0 0)
(12.9067 0 0)
(13.0267 0 0)
(13.1369 0 0)
(13.2386 0 0)
(13.3328 0 0)
(13.4205 0 0)
(13.5024 0 0)
(13.5792 0 0)
(13.6513 0 0)
(13.7194 0 0)
(13.7837 0 0)
(13.8447 0 0)
(13.9026 0 0)
(13.9576 0 0)
(14.01 0 0)
(14.0587 0 0)
(14.1042 0 0)
(14.1482 0 0)
(14.1907 0 0)
(14.2316 0 0)
(14.2709 0 0)
(14.3088 0 0)
(14.3451 0 0)
(14.3799 0 0)
(14.4132 0 0)
(14.4448 0 0)
(14.4749 0 0)
(14.5032 0 0)
(14.5299 0 0)
(14.5548 0 0)
(14.5779 0 0)
(14.5992 0 0)
(14.6186 0 0)
(14.6362 0 0)
(14.6519 0 0)
(14.6658 0 0)
(14.6779 0 0)
(14.6883 0 0)
(14.6969 0 0)
(14.7039 0 0)
(14.7094 0 0)
(14.7134 0 0)
(14.7161 0 0)
(14.7176 0 0)
(14.718 0 0)
(14.7175 0 0)
(14.7161 0 0)
(14.714 0 0)
(14.7114 0 0)
(14.7083 0 0)
(14.7048 0 0)
(14.7012 0 0)
(14.6975 0 0)
(14.6937 0 0)
(14.69 0 0)
(14.6865 0 0)
(14.6832 0 0)
(14.6801 0 0)
(14.6773 0 0)
(14.6749 0 0)
(14.6727 0 0)
(14.671 0 0)
(14.6696 0 0)
(14.6685 0 0)
(14.6678 0 0)
(14.6675 0 0)
(14.6674 0 0)
(14.6675 0 0)
(14.668 0 0)
(14.6687 0 0)
(14.6695 0 0)
(14.6705 0 0)
(14.6717 0 0)
(14.673 0 0)
(14.6744 0 0)
(14.676 0 0)
(14.6777 0 0)
(14.6794 0 0)
(14.6811 0 0)
)
;

boundaryField
{
    boundary
    {
        type            empty;
    }
    inlet
    {
        type            fixedValue;
        value           nonuniform 0();
    }
    outlet
    {
        type            zeroGradient;
    }
    procBoundary1to0
    {
        type            processor;
        value           uniform (14.6825 0 0);
    }
    procBoundary1to3
    {
        type            processor;
        value           uniform (2.1408 0 0);
    }
}


// ************************************************************************* //
