/*--------------------------------*- C++ -*----------------------------------*\
  =========                 |
  \\      /  F ield         | OpenFOAM: The Open Source CFD Toolbox
   \\    /   O peration     | Website:  https://openfoam.org
    \\  /    A nd           | Version:  7
     \\/     M anipulation  |
\*---------------------------------------------------------------------------*/
FoamFile
{
    version     2.0;
    format      ascii;
    class       volVectorField;
    location    "0.00082";
    object      U;
}
// * * * * * * * * * * * * * * * * * * * * * * * * * * * * * * * * * * * * * //

dimensions      [0 1 -1 0 0 0 0];

internalField   nonuniform List<vector> 
124
(
(15.7905 0 0)
(15.8006 0 0)
(15.8106 0 0)
(15.8205 0 0)
(15.8302 0 0)
(15.8398 0 0)
(15.8493 0 0)
(15.8587 0 0)
(15.8679 0 0)
(15.877 0 0)
(15.886 0 0)
(15.8949 0 0)
(15.9037 0 0)
(15.9124 0 0)
(15.9209 0 0)
(15.9294 0 0)
(15.9378 0 0)
(15.946 0 0)
(15.9542 0 0)
(15.9622 0 0)
(15.9702 0 0)
(15.978 0 0)
(15.9858 0 0)
(15.9935 0 0)
(16.0011 0 0)
(16.0086 0 0)
(16.016 0 0)
(16.0233 0 0)
(16.0306 0 0)
(16.0378 0 0)
(16.0449 0 0)
(16.0519 0 0)
(16.0588 0 0)
(16.0657 0 0)
(16.0725 0 0)
(16.0792 0 0)
(16.0858 0 0)
(16.0924 0 0)
(16.0989 0 0)
(16.1053 0 0)
(16.1117 0 0)
(16.118 0 0)
(16.1242 0 0)
(16.1304 0 0)
(16.1365 0 0)
(16.1426 0 0)
(16.1486 0 0)
(16.1545 0 0)
(16.1604 0 0)
(16.1662 0 0)
(16.1719 0 0)
(16.1776 0 0)
(16.1833 0 0)
(16.1888 0 0)
(16.1944 0 0)
(16.1999 0 0)
(16.2053 0 0)
(16.2107 0 0)
(16.216 0 0)
(16.2213 0 0)
(16.2265 0 0)
(16.2317 0 0)
(16.2368 0 0)
(16.2419 0 0)
(16.2469 0 0)
(16.2519 0 0)
(16.2568 0 0)
(16.2617 0 0)
(16.2666 0 0)
(16.2714 0 0)
(16.2761 0 0)
(16.2808 0 0)
(16.2855 0 0)
(16.2902 0 0)
(16.2948 0 0)
(16.2993 0 0)
(16.3038 0 0)
(16.3083 0 0)
(16.3127 0 0)
(16.3171 0 0)
(16.3215 0 0)
(16.3258 0 0)
(16.3301 0 0)
(16.3344 0 0)
(16.3386 0 0)
(16.3428 0 0)
(16.3469 0 0)
(16.351 0 0)
(16.3551 0 0)
(16.3591 0 0)
(16.3631 0 0)
(16.3671 0 0)
(16.371 0 0)
(16.375 0 0)
(16.3788 0 0)
(16.3827 0 0)
(16.3865 0 0)
(16.3903 0 0)
(16.394 0 0)
(16.3978 0 0)
(16.4015 0 0)
(16.4051 0 0)
(16.4088 0 0)
(16.4124 0 0)
(16.4159 0 0)
(16.4195 0 0)
(16.423 0 0)
(16.4265 0 0)
(16.43 0 0)
(16.4334 0 0)
(16.4368 0 0)
(16.4402 0 0)
(16.4436 0 0)
(16.447 0 0)
(16.4503 0 0)
(16.4536 0 0)
(16.4569 0 0)
(16.4602 0 0)
(16.4634 0 0)
(16.4667 0 0)
(16.4699 0 0)
(16.4729 0 0)
(16.4755 0 0)
(16.4772 0 0)
)
;

boundaryField
{
    boundary
    {
        type            empty;
    }
    inlet
    {
        type            fixedValue;
        value           nonuniform 0();
    }
    outlet
    {
        type            zeroGradient;
    }
    procBoundary0to1
    {
        type            processor;
        value           uniform (15.7802 0 0);
    }
}


// ************************************************************************* //
