/*--------------------------------*- C++ -*----------------------------------*\
  =========                 |
  \\      /  F ield         | OpenFOAM: The Open Source CFD Toolbox
   \\    /   O peration     | Website:  https://openfoam.org
    \\  /    A nd           | Version:  7
     \\/     M anipulation  |
\*---------------------------------------------------------------------------*/
FoamFile
{
    version     2.0;
    format      ascii;
    class       volVectorField;
    location    "0.0002";
    object      U;
}
// * * * * * * * * * * * * * * * * * * * * * * * * * * * * * * * * * * * * * //

dimensions      [0 1 -1 0 0 0 0];

internalField   nonuniform List<vector> 
124
(
(15.6332 0 0)
(15.6348 0 0)
(15.636 0 0)
(15.6371 0 0)
(15.6375 0 0)
(15.6376 0 0)
(15.6375 0 0)
(15.637 0 0)
(15.6363 0 0)
(15.6354 0 0)
(15.6344 0 0)
(15.6333 0 0)
(15.6321 0 0)
(15.6309 0 0)
(15.6297 0 0)
(15.6285 0 0)
(15.6274 0 0)
(15.6264 0 0)
(15.6254 0 0)
(15.6246 0 0)
(15.6239 0 0)
(15.6233 0 0)
(15.6228 0 0)
(15.6225 0 0)
(15.6223 0 0)
(15.6223 0 0)
(15.6223 0 0)
(15.6225 0 0)
(15.6229 0 0)
(15.6233 0 0)
(15.6238 0 0)
(15.6244 0 0)
(15.6251 0 0)
(15.6258 0 0)
(15.6266 0 0)
(15.6274 0 0)
(15.6283 0 0)
(15.6292 0 0)
(15.6301 0 0)
(15.631 0 0)
(15.6318 0 0)
(15.6327 0 0)
(15.6336 0 0)
(15.6344 0 0)
(15.6352 0 0)
(15.636 0 0)
(15.6367 0 0)
(15.6374 0 0)
(15.638 0 0)
(15.6386 0 0)
(15.6392 0 0)
(15.6397 0 0)
(15.6401 0 0)
(15.6406 0 0)
(15.6409 0 0)
(15.6412 0 0)
(15.6415 0 0)
(15.6418 0 0)
(15.642 0 0)
(15.6421 0 0)
(15.6422 0 0)
(15.6423 0 0)
(15.6424 0 0)
(15.6424 0 0)
(15.6424 0 0)
(15.6424 0 0)
(15.6423 0 0)
(15.6422 0 0)
(15.6421 0 0)
(15.642 0 0)
(15.6419 0 0)
(15.6417 0 0)
(15.6416 0 0)
(15.6414 0 0)
(15.6412 0 0)
(15.641 0 0)
(15.6407 0 0)
(15.6405 0 0)
(15.6403 0 0)
(15.64 0 0)
(15.6398 0 0)
(15.6395 0 0)
(15.6392 0 0)
(15.639 0 0)
(15.6387 0 0)
(15.6384 0 0)
(15.6381 0 0)
(15.6378 0 0)
(15.6376 0 0)
(15.6373 0 0)
(15.637 0 0)
(15.6367 0 0)
(15.6364 0 0)
(15.6361 0 0)
(15.6358 0 0)
(15.6354 0 0)
(15.6351 0 0)
(15.6348 0 0)
(15.6345 0 0)
(15.6342 0 0)
(15.6339 0 0)
(15.6336 0 0)
(15.6332 0 0)
(15.6329 0 0)
(15.6326 0 0)
(15.6323 0 0)
(15.632 0 0)
(15.6316 0 0)
(15.6313 0 0)
(15.631 0 0)
(15.6306 0 0)
(15.6303 0 0)
(15.63 0 0)
(15.6296 0 0)
(15.6293 0 0)
(15.6289 0 0)
(15.6286 0 0)
(15.6283 0 0)
(15.6279 0 0)
(15.6276 0 0)
(15.6272 0 0)
(15.6269 0 0)
(15.6265 0 0)
(15.626 0 0)
)
;

boundaryField
{
    boundary
    {
        type            empty;
    }
    inlet
    {
        type            fixedValue;
        value           nonuniform 0();
    }
    outlet
    {
        type            zeroGradient;
    }
    procBoundary0to1
    {
        type            processor;
        value           uniform (15.6309 0 0);
    }
}


// ************************************************************************* //
