/*--------------------------------*- C++ -*----------------------------------*\
  =========                 |
  \\      /  F ield         | OpenFOAM: The Open Source CFD Toolbox
   \\    /   O peration     | Website:  https://openfoam.org
    \\  /    A nd           | Version:  7
     \\/     M anipulation  |
\*---------------------------------------------------------------------------*/
FoamFile
{
    version     2.0;
    format      ascii;
    class       volVectorField;
    location    "0.00092";
    object      U;
}
// * * * * * * * * * * * * * * * * * * * * * * * * * * * * * * * * * * * * * //

dimensions      [0 1 -1 0 0 0 0];

internalField   nonuniform List<vector> 
125
(
(2.34893 0 0)
(2.34891 0 0)
(2.34888 0 0)
(2.34886 0 0)
(2.34884 0 0)
(2.34882 0 0)
(2.3488 0 0)
(2.34878 0 0)
(2.34876 0 0)
(2.34874 0 0)
(2.34872 0 0)
(2.3487 0 0)
(2.34867 0 0)
(2.34865 0 0)
(2.34863 0 0)
(2.34861 0 0)
(2.34858 0 0)
(2.34856 0 0)
(2.34854 0 0)
(2.34852 0 0)
(2.3485 0 0)
(2.34848 0 0)
(2.34846 0 0)
(2.34844 0 0)
(2.34843 0 0)
(2.34841 0 0)
(2.3484 0 0)
(2.34838 0 0)
(2.34837 0 0)
(2.34836 0 0)
(2.34835 0 0)
(2.34833 0 0)
(2.34832 0 0)
(2.34831 0 0)
(2.3483 0 0)
(2.34829 0 0)
(2.34828 0 0)
(2.34827 0 0)
(2.34826 0 0)
(2.34826 0 0)
(2.34825 0 0)
(2.34824 0 0)
(2.34824 0 0)
(2.34824 0 0)
(2.34823 0 0)
(2.34823 0 0)
(2.34823 0 0)
(2.34823 0 0)
(2.34823 0 0)
(2.34824 0 0)
(2.34824 0 0)
(2.34824 0 0)
(2.34824 0 0)
(2.34825 0 0)
(2.34825 0 0)
(2.34825 0 0)
(2.34825 0 0)
(2.34825 0 0)
(2.34825 0 0)
(2.34824 0 0)
(2.34823 0 0)
(2.34822 0 0)
(2.34821 0 0)
(2.34819 0 0)
(2.34818 0 0)
(2.34816 0 0)
(2.34813 0 0)
(2.34811 0 0)
(2.34808 0 0)
(2.34805 0 0)
(2.34802 0 0)
(2.34798 0 0)
(2.34795 0 0)
(2.34791 0 0)
(2.34787 0 0)
(2.34784 0 0)
(2.3478 0 0)
(2.34776 0 0)
(2.34773 0 0)
(2.34769 0 0)
(2.34766 0 0)
(2.34762 0 0)
(2.34759 0 0)
(2.34756 0 0)
(2.34753 0 0)
(2.3475 0 0)
(2.34747 0 0)
(2.34744 0 0)
(2.34742 0 0)
(2.34739 0 0)
(2.34737 0 0)
(2.34734 0 0)
(2.34732 0 0)
(2.3473 0 0)
(2.34728 0 0)
(2.34726 0 0)
(2.34724 0 0)
(2.34722 0 0)
(2.3472 0 0)
(2.34718 0 0)
(2.34716 0 0)
(2.34715 0 0)
(2.34713 0 0)
(2.34711 0 0)
(2.34709 0 0)
(2.34708 0 0)
(2.34706 0 0)
(2.34704 0 0)
(2.34702 0 0)
(2.34701 0 0)
(2.34699 0 0)
(2.34697 0 0)
(2.34695 0 0)
(2.34694 0 0)
(2.34692 0 0)
(2.3469 0 0)
(2.34689 0 0)
(2.34687 0 0)
(2.34685 0 0)
(2.34683 0 0)
(2.34682 0 0)
(2.3468 0 0)
(2.34678 0 0)
(2.34676 0 0)
(2.34674 0 0)
)
;

boundaryField
{
    boundary
    {
        type            empty;
    }
    inlet
    {
        type            fixedValue;
        value           uniform (2.34893 0 0);
    }
    outlet
    {
        type            zeroGradient;
    }
    procBoundary2to3
    {
        type            processor;
        value           uniform (2.34673 0 0);
    }
}


// ************************************************************************* //
