/*--------------------------------*- C++ -*----------------------------------*\
  =========                 |
  \\      /  F ield         | OpenFOAM: The Open Source CFD Toolbox
   \\    /   O peration     | Website:  https://openfoam.org
    \\  /    A nd           | Version:  7
     \\/     M anipulation  |
\*---------------------------------------------------------------------------*/
FoamFile
{
    version     2.0;
    format      ascii;
    class       volVectorField;
    location    "0.00073";
    object      U;
}
// * * * * * * * * * * * * * * * * * * * * * * * * * * * * * * * * * * * * * //

dimensions      [0 1 -1 0 0 0 0];

internalField   nonuniform List<vector> 
125
(
(2.34694 0 0)
(2.34693 0 0)
(2.34692 0 0)
(2.34691 0 0)
(2.3469 0 0)
(2.3469 0 0)
(2.34689 0 0)
(2.34688 0 0)
(2.34687 0 0)
(2.34686 0 0)
(2.34685 0 0)
(2.34684 0 0)
(2.34683 0 0)
(2.34682 0 0)
(2.34681 0 0)
(2.34681 0 0)
(2.34681 0 0)
(2.34687 0 0)
(2.3471 0 0)
(2.34792 0 0)
(2.35054 0 0)
(2.35839 0 0)
(2.38005 0 0)
(2.43461 0 0)
(2.56366 0 0)
(2.85325 0 0)
(3.45774 0 0)
(4.46261 0 0)
(5.68161 0 0)
(6.8927 0 0)
(7.98706 0 0)
(8.93843 0 0)
(9.74388 0 0)
(10.4185 0 0)
(10.9797 0 0)
(11.4311 0 0)
(11.787 0 0)
(12.0767 0 0)
(12.3232 0 0)
(12.5378 0 0)
(12.7268 0 0)
(12.8948 0 0)
(13.0456 0 0)
(13.182 0 0)
(13.3065 0 0)
(13.4206 0 0)
(13.5258 0 0)
(13.6233 0 0)
(13.7139 0 0)
(13.7985 0 0)
(13.8777 0 0)
(13.952 0 0)
(14.0221 0 0)
(14.0881 0 0)
(14.1506 0 0)
(14.2099 0 0)
(14.2661 0 0)
(14.3195 0 0)
(14.3704 0 0)
(14.4189 0 0)
(14.4652 0 0)
(14.5081 0 0)
(14.5484 0 0)
(14.5874 0 0)
(14.6251 0 0)
(14.6615 0 0)
(14.6968 0 0)
(14.7309 0 0)
(14.7639 0 0)
(14.7959 0 0)
(14.827 0 0)
(14.8572 0 0)
(14.8865 0 0)
(14.9149 0 0)
(14.9426 0 0)
(14.9696 0 0)
(14.9958 0 0)
(15.0214 0 0)
(15.0462 0 0)
(15.0705 0 0)
(15.0942 0 0)
(15.1173 0 0)
(15.1398 0 0)
(15.1618 0 0)
(15.1833 0 0)
(15.2043 0 0)
(15.2249 0 0)
(15.245 0 0)
(15.2646 0 0)
(15.2838 0 0)
(15.3027 0 0)
(15.3211 0 0)
(15.3392 0 0)
(15.3569 0 0)
(15.3742 0 0)
(15.3912 0 0)
(15.4079 0 0)
(15.4242 0 0)
(15.4403 0 0)
(15.456 0 0)
(15.4715 0 0)
(15.4867 0 0)
(15.5016 0 0)
(15.5162 0 0)
(15.5306 0 0)
(15.5448 0 0)
(15.5587 0 0)
(15.5723 0 0)
(15.5858 0 0)
(15.599 0 0)
(15.612 0 0)
(15.6248 0 0)
(15.6374 0 0)
(15.6498 0 0)
(15.662 0 0)
(15.674 0 0)
(15.6858 0 0)
(15.6974 0 0)
(15.7089 0 0)
(15.7202 0 0)
(15.7314 0 0)
(15.7423 0 0)
(15.7531 0 0)
(15.7637 0 0)
(15.7742 0 0)
)
;

boundaryField
{
    boundary
    {
        type            empty;
    }
    inlet
    {
        type            fixedValue;
        value           nonuniform 0();
    }
    outlet
    {
        type            zeroGradient;
    }
    procBoundary1to0
    {
        type            processor;
        value           uniform (15.7845 0 0);
    }
    procBoundary1to3
    {
        type            processor;
        value           uniform (2.34695 0 0);
    }
}


// ************************************************************************* //
