/*--------------------------------*- C++ -*----------------------------------*\
  =========                 |
  \\      /  F ield         | OpenFOAM: The Open Source CFD Toolbox
   \\    /   O peration     | Website:  https://openfoam.org
    \\  /    A nd           | Version:  7
     \\/     M anipulation  |
\*---------------------------------------------------------------------------*/
FoamFile
{
    version     2.0;
    format      ascii;
    class       volVectorField;
    location    "0.00035";
    object      U;
}
// * * * * * * * * * * * * * * * * * * * * * * * * * * * * * * * * * * * * * //

dimensions      [0 1 -1 0 0 0 0];

internalField   nonuniform List<vector> 
125
(
(2.34892 0 0)
(2.34886 0 0)
(2.34879 0 0)
(2.34873 0 0)
(2.34867 0 0)
(2.34862 0 0)
(2.34856 0 0)
(2.34852 0 0)
(2.34848 0 0)
(2.34844 0 0)
(2.34841 0 0)
(2.34838 0 0)
(2.34836 0 0)
(2.34834 0 0)
(2.34833 0 0)
(2.34832 0 0)
(2.34831 0 0)
(2.34829 0 0)
(2.34827 0 0)
(2.34825 0 0)
(2.34821 0 0)
(2.34816 0 0)
(2.3481 0 0)
(2.34803 0 0)
(2.34795 0 0)
(2.34786 0 0)
(2.34775 0 0)
(2.34764 0 0)
(2.34752 0 0)
(2.3474 0 0)
(2.34728 0 0)
(2.34716 0 0)
(2.34705 0 0)
(2.34693 0 0)
(2.34682 0 0)
(2.34672 0 0)
(2.34662 0 0)
(2.34653 0 0)
(2.34644 0 0)
(2.34635 0 0)
(2.34627 0 0)
(2.34619 0 0)
(2.34612 0 0)
(2.34604 0 0)
(2.34597 0 0)
(2.3459 0 0)
(2.34583 0 0)
(2.34576 0 0)
(2.3457 0 0)
(2.34563 0 0)
(2.34556 0 0)
(2.34549 0 0)
(2.34543 0 0)
(2.34536 0 0)
(2.34529 0 0)
(2.34523 0 0)
(2.34516 0 0)
(2.34509 0 0)
(2.34503 0 0)
(2.34496 0 0)
(2.34489 0 0)
(2.34483 0 0)
(2.34476 0 0)
(2.34469 0 0)
(2.34463 0 0)
(2.34456 0 0)
(2.34449 0 0)
(2.34442 0 0)
(2.34436 0 0)
(2.34429 0 0)
(2.34422 0 0)
(2.34416 0 0)
(2.34409 0 0)
(2.34402 0 0)
(2.34395 0 0)
(2.34389 0 0)
(2.34382 0 0)
(2.34375 0 0)
(2.34369 0 0)
(2.34362 0 0)
(2.34355 0 0)
(2.34348 0 0)
(2.34342 0 0)
(2.34335 0 0)
(2.34328 0 0)
(2.34321 0 0)
(2.34315 0 0)
(2.34308 0 0)
(2.34301 0 0)
(2.34294 0 0)
(2.34287 0 0)
(2.34281 0 0)
(2.34274 0 0)
(2.34267 0 0)
(2.3426 0 0)
(2.34254 0 0)
(2.34247 0 0)
(2.3424 0 0)
(2.34233 0 0)
(2.34226 0 0)
(2.3422 0 0)
(2.34213 0 0)
(2.34206 0 0)
(2.34199 0 0)
(2.34192 0 0)
(2.34185 0 0)
(2.34179 0 0)
(2.34172 0 0)
(2.34165 0 0)
(2.34158 0 0)
(2.34151 0 0)
(2.34144 0 0)
(2.34138 0 0)
(2.34131 0 0)
(2.34124 0 0)
(2.34117 0 0)
(2.3411 0 0)
(2.34103 0 0)
(2.34096 0 0)
(2.34089 0 0)
(2.34083 0 0)
(2.34076 0 0)
(2.34069 0 0)
(2.34062 0 0)
(2.34055 0 0)
)
;

boundaryField
{
    boundary
    {
        type            empty;
    }
    inlet
    {
        type            fixedValue;
        value           uniform (2.34893 0 0);
    }
    outlet
    {
        type            zeroGradient;
    }
    procBoundary2to3
    {
        type            processor;
        value           uniform (2.34048 0 0);
    }
}


// ************************************************************************* //
