/*--------------------------------*- C++ -*----------------------------------*\
  =========                 |
  \\      /  F ield         | OpenFOAM: The Open Source CFD Toolbox
   \\    /   O peration     | Website:  https://openfoam.org
    \\  /    A nd           | Version:  7
     \\/     M anipulation  |
\*---------------------------------------------------------------------------*/
FoamFile
{
    version     2.0;
    format      ascii;
    class       volVectorField;
    location    "0.00075";
    object      U;
}
// * * * * * * * * * * * * * * * * * * * * * * * * * * * * * * * * * * * * * //

dimensions      [0 1 -1 0 0 0 0];

internalField   nonuniform List<vector> 
125
(
(2.34218 0 0)
(2.34216 0 0)
(2.34214 0 0)
(2.34212 0 0)
(2.3421 0 0)
(2.34208 0 0)
(2.34206 0 0)
(2.34204 0 0)
(2.34202 0 0)
(2.342 0 0)
(2.34198 0 0)
(2.34196 0 0)
(2.34194 0 0)
(2.34192 0 0)
(2.3419 0 0)
(2.34188 0 0)
(2.34188 0 0)
(2.34193 0 0)
(2.34218 0 0)
(2.34307 0 0)
(2.34593 0 0)
(2.35448 0 0)
(2.37791 0 0)
(2.43662 0 0)
(2.57507 0 0)
(2.88363 0 0)
(3.52309 0 0)
(4.55557 0 0)
(5.78189 0 0)
(6.98608 0 0)
(8.06952 0 0)
(9.0094 0 0)
(9.8028 0 0)
(10.4656 0 0)
(11.0165 0 0)
(11.4602 0 0)
(11.8104 0 0)
(12.0959 0 0)
(12.3393 0 0)
(12.5515 0 0)
(12.7386 0 0)
(12.905 0 0)
(13.0545 0 0)
(13.1899 0 0)
(13.3133 0 0)
(13.4266 0 0)
(13.5311 0 0)
(13.628 0 0)
(13.718 0 0)
(13.8021 0 0)
(13.8808 0 0)
(13.9547 0 0)
(14.0243 0 0)
(14.09 0 0)
(14.1521 0 0)
(14.211 0 0)
(14.2669 0 0)
(14.3201 0 0)
(14.3707 0 0)
(14.419 0 0)
(14.465 0 0)
(14.5077 0 0)
(14.5478 0 0)
(14.5866 0 0)
(14.6241 0 0)
(14.6604 0 0)
(14.6955 0 0)
(14.7294 0 0)
(14.7623 0 0)
(14.7942 0 0)
(14.8251 0 0)
(14.8552 0 0)
(14.8844 0 0)
(14.9127 0 0)
(14.9403 0 0)
(14.9671 0 0)
(14.9933 0 0)
(15.0187 0 0)
(15.0435 0 0)
(15.0677 0 0)
(15.0913 0 0)
(15.1143 0 0)
(15.1367 0 0)
(15.1587 0 0)
(15.1801 0 0)
(15.2011 0 0)
(15.2215 0 0)
(15.2416 0 0)
(15.2612 0 0)
(15.2804 0 0)
(15.2991 0 0)
(15.3175 0 0)
(15.3355 0 0)
(15.3532 0 0)
(15.3705 0 0)
(15.3874 0 0)
(15.4041 0 0)
(15.4204 0 0)
(15.4364 0 0)
(15.4521 0 0)
(15.4675 0 0)
(15.4827 0 0)
(15.4976 0 0)
(15.5122 0 0)
(15.5265 0 0)
(15.5406 0 0)
(15.5545 0 0)
(15.5681 0 0)
(15.5815 0 0)
(15.5947 0 0)
(15.6077 0 0)
(15.6205 0 0)
(15.633 0 0)
(15.6454 0 0)
(15.6576 0 0)
(15.6695 0 0)
(15.6813 0 0)
(15.693 0 0)
(15.7044 0 0)
(15.7157 0 0)
(15.7268 0 0)
(15.7377 0 0)
(15.7485 0 0)
(15.7591 0 0)
(15.7695 0 0)
)
;

boundaryField
{
    boundary
    {
        type            empty;
    }
    inlet
    {
        type            fixedValue;
        value           nonuniform 0();
    }
    outlet
    {
        type            zeroGradient;
    }
    procBoundary1to0
    {
        type            processor;
        value           uniform (15.7798 0 0);
    }
    procBoundary1to3
    {
        type            processor;
        value           uniform (2.3422 0 0);
    }
}


// ************************************************************************* //
