/*--------------------------------*- C++ -*----------------------------------*\
  =========                 |
  \\      /  F ield         | OpenFOAM: The Open Source CFD Toolbox
   \\    /   O peration     | Website:  https://openfoam.org
    \\  /    A nd           | Version:  7
     \\/     M anipulation  |
\*---------------------------------------------------------------------------*/
FoamFile
{
    version     2.0;
    format      ascii;
    class       volVectorField;
    location    "0.00047";
    object      U;
}
// * * * * * * * * * * * * * * * * * * * * * * * * * * * * * * * * * * * * * //

dimensions      [0 1 -1 0 0 0 0];

internalField   nonuniform List<vector> 
125
(
(2.32426 0 0)
(2.32418 0 0)
(2.3241 0 0)
(2.32401 0 0)
(2.32393 0 0)
(2.32384 0 0)
(2.32376 0 0)
(2.32368 0 0)
(2.32359 0 0)
(2.32351 0 0)
(2.32343 0 0)
(2.32334 0 0)
(2.32326 0 0)
(2.32317 0 0)
(2.32309 0 0)
(2.323 0 0)
(2.32293 0 0)
(2.32284 0 0)
(2.32284 0 0)
(2.323 0 0)
(2.32378 0 0)
(2.32649 0 0)
(2.33482 0 0)
(2.35796 0 0)
(2.41634 0 0)
(2.55448 0 0)
(2.86309 0 0)
(3.50324 0 0)
(4.53769 0 0)
(5.76576 0 0)
(6.97114 0 0)
(8.0553 0 0)
(8.99536 0 0)
(9.78837 0 0)
(10.4503 0 0)
(11.0003 0 0)
(11.4431 0 0)
(11.7925 0 0)
(12.0775 0 0)
(12.3204 0 0)
(12.5322 0 0)
(12.719 0 0)
(12.8851 0 0)
(13.0343 0 0)
(13.1694 0 0)
(13.2926 0 0)
(13.4057 0 0)
(13.51 0 0)
(13.6066 0 0)
(13.6965 0 0)
(13.7804 0 0)
(13.8589 0 0)
(13.9327 0 0)
(14.0021 0 0)
(14.0677 0 0)
(14.1297 0 0)
(14.1884 0 0)
(14.2442 0 0)
(14.2972 0 0)
(14.3476 0 0)
(14.3956 0 0)
(14.4402 0 0)
(14.4819 0 0)
(14.5222 0 0)
(14.5612 0 0)
(14.5988 0 0)
(14.6352 0 0)
(14.6703 0 0)
(14.7044 0 0)
(14.7373 0 0)
(14.7693 0 0)
(14.8002 0 0)
(14.8303 0 0)
(14.8595 0 0)
(14.8879 0 0)
(14.9155 0 0)
(14.9423 0 0)
(14.9685 0 0)
(14.9939 0 0)
(15.0187 0 0)
(15.0429 0 0)
(15.0664 0 0)
(15.0894 0 0)
(15.1118 0 0)
(15.1337 0 0)
(15.1551 0 0)
(15.176 0 0)
(15.1965 0 0)
(15.2165 0 0)
(15.236 0 0)
(15.2551 0 0)
(15.2738 0 0)
(15.2922 0 0)
(15.3101 0 0)
(15.3277 0 0)
(15.3449 0 0)
(15.3618 0 0)
(15.3784 0 0)
(15.3947 0 0)
(15.4106 0 0)
(15.4262 0 0)
(15.4416 0 0)
(15.4567 0 0)
(15.4715 0 0)
(15.486 0 0)
(15.5003 0 0)
(15.5143 0 0)
(15.5281 0 0)
(15.5417 0 0)
(15.555 0 0)
(15.5681 0 0)
(15.5811 0 0)
(15.5938 0 0)
(15.6062 0 0)
(15.6186 0 0)
(15.6307 0 0)
(15.6426 0 0)
(15.6543 0 0)
(15.6659 0 0)
(15.6773 0 0)
(15.6886 0 0)
(15.6996 0 0)
(15.7105 0 0)
(15.7213 0 0)
(15.7319 0 0)
)
;

boundaryField
{
    boundary
    {
        type            empty;
    }
    inlet
    {
        type            fixedValue;
        value           nonuniform 0();
    }
    outlet
    {
        type            zeroGradient;
    }
    procBoundary1to0
    {
        type            processor;
        value           uniform (15.7423 0 0);
    }
    procBoundary1to3
    {
        type            processor;
        value           uniform (2.32435 0 0);
    }
}


// ************************************************************************* //
