/*--------------------------------*- C++ -*----------------------------------*\
  =========                 |
  \\      /  F ield         | OpenFOAM: The Open Source CFD Toolbox
   \\    /   O peration     | Website:  https://openfoam.org
    \\  /    A nd           | Version:  7
     \\/     M anipulation  |
\*---------------------------------------------------------------------------*/
FoamFile
{
    version     2.0;
    format      ascii;
    class       volVectorField;
    location    "0.00072";
    object      U;
}
// * * * * * * * * * * * * * * * * * * * * * * * * * * * * * * * * * * * * * //

dimensions      [0 1 -1 0 0 0 0];

internalField   nonuniform List<vector> 
125
(
(2.34985 0 0)
(2.34985 0 0)
(2.34985 0 0)
(2.34985 0 0)
(2.34985 0 0)
(2.34985 0 0)
(2.34985 0 0)
(2.34985 0 0)
(2.34985 0 0)
(2.34985 0 0)
(2.34985 0 0)
(2.34985 0 0)
(2.34985 0 0)
(2.34985 0 0)
(2.34984 0 0)
(2.34985 0 0)
(2.34986 0 0)
(2.34992 0 0)
(2.35016 0 0)
(2.35095 0 0)
(2.35346 0 0)
(2.361 0 0)
(2.38184 0 0)
(2.43451 0 0)
(2.55927 0 0)
(2.8401 0 0)
(3.42817 0 0)
(4.41941 0 0)
(5.63451 0 0)
(6.84885 0 0)
(7.94848 0 0)
(8.90529 0 0)
(9.71639 0 0)
(10.3966 0 0)
(10.9626 0 0)
(11.4178 0 0)
(11.7763 0 0)
(12.0679 0 0)
(12.3159 0 0)
(12.5317 0 0)
(12.7217 0 0)
(12.8906 0 0)
(13.042 0 0)
(13.1791 0 0)
(13.3041 0 0)
(13.4187 0 0)
(13.5244 0 0)
(13.6222 0 0)
(13.7132 0 0)
(13.7981 0 0)
(13.8776 0 0)
(13.9522 0 0)
(14.0224 0 0)
(14.0887 0 0)
(14.1514 0 0)
(14.2108 0 0)
(14.2672 0 0)
(14.3208 0 0)
(14.3719 0 0)
(14.4205 0 0)
(14.4669 0 0)
(14.5099 0 0)
(14.5503 0 0)
(14.5894 0 0)
(14.6272 0 0)
(14.6637 0 0)
(14.699 0 0)
(14.7332 0 0)
(14.7664 0 0)
(14.7985 0 0)
(14.8296 0 0)
(14.8598 0 0)
(14.8892 0 0)
(14.9177 0 0)
(14.9455 0 0)
(14.9725 0 0)
(14.9988 0 0)
(15.0243 0 0)
(15.0493 0 0)
(15.0736 0 0)
(15.0973 0 0)
(15.1204 0 0)
(15.143 0 0)
(15.165 0 0)
(15.1866 0 0)
(15.2076 0 0)
(15.2282 0 0)
(15.2483 0 0)
(15.268 0 0)
(15.2872 0 0)
(15.3061 0 0)
(15.3246 0 0)
(15.3426 0 0)
(15.3604 0 0)
(15.3777 0 0)
(15.3948 0 0)
(15.4115 0 0)
(15.4278 0 0)
(15.4439 0 0)
(15.4597 0 0)
(15.4752 0 0)
(15.4904 0 0)
(15.5053 0 0)
(15.52 0 0)
(15.5344 0 0)
(15.5485 0 0)
(15.5625 0 0)
(15.5762 0 0)
(15.5896 0 0)
(15.6029 0 0)
(15.6159 0 0)
(15.6287 0 0)
(15.6413 0 0)
(15.6537 0 0)
(15.6659 0 0)
(15.678 0 0)
(15.6898 0 0)
(15.7015 0 0)
(15.713 0 0)
(15.7243 0 0)
(15.7355 0 0)
(15.7464 0 0)
(15.7573 0 0)
(15.7679 0 0)
(15.7784 0 0)
)
;

boundaryField
{
    boundary
    {
        type            empty;
    }
    inlet
    {
        type            fixedValue;
        value           nonuniform 0();
    }
    outlet
    {
        type            zeroGradient;
    }
    procBoundary1to0
    {
        type            processor;
        value           uniform (15.7887 0 0);
    }
    procBoundary1to3
    {
        type            processor;
        value           uniform (2.34985 0 0);
    }
}


// ************************************************************************* //
