/*--------------------------------*- C++ -*----------------------------------*\
  =========                 |
  \\      /  F ield         | OpenFOAM: The Open Source CFD Toolbox
   \\    /   O peration     | Website:  https://openfoam.org
    \\  /    A nd           | Version:  7
     \\/     M anipulation  |
\*---------------------------------------------------------------------------*/
FoamFile
{
    version     2.0;
    format      ascii;
    class       volVectorField;
    location    "0.00032";
    object      U;
}
// * * * * * * * * * * * * * * * * * * * * * * * * * * * * * * * * * * * * * //

dimensions      [0 1 -1 0 0 0 0];

internalField   nonuniform List<vector> 
125
(
(2.32747 0 0)
(2.32739 0 0)
(2.3273 0 0)
(2.32721 0 0)
(2.32712 0 0)
(2.32704 0 0)
(2.32695 0 0)
(2.32686 0 0)
(2.32678 0 0)
(2.32669 0 0)
(2.3266 0 0)
(2.32652 0 0)
(2.32643 0 0)
(2.32634 0 0)
(2.32625 0 0)
(2.32617 0 0)
(2.32608 0 0)
(2.326 0 0)
(2.32592 0 0)
(2.32594 0 0)
(2.3262 0 0)
(2.32732 0 0)
(2.33108 0 0)
(2.34233 0 0)
(2.37273 0 0)
(2.4478 0 0)
(2.6233 0 0)
(3.00333 0 0)
(3.76664 0 0)
(4.88047 0 0)
(6.12046 0 0)
(7.29718 0 0)
(8.34283 0 0)
(9.24295 0 0)
(9.99479 0 0)
(10.6176 0 0)
(11.1349 0 0)
(11.553 0 0)
(11.8846 0 0)
(12.1565 0 0)
(12.3895 0 0)
(12.5936 0 0)
(12.7741 0 0)
(12.9352 0 0)
(13.0802 0 0)
(13.2118 0 0)
(13.3321 0 0)
(13.4426 0 0)
(13.5447 0 0)
(13.6394 0 0)
(13.7275 0 0)
(13.8099 0 0)
(13.887 0 0)
(13.9596 0 0)
(14.0279 0 0)
(14.0924 0 0)
(14.1534 0 0)
(14.2113 0 0)
(14.2663 0 0)
(14.3184 0 0)
(14.3681 0 0)
(14.4141 0 0)
(14.4571 0 0)
(14.4987 0 0)
(14.5389 0 0)
(14.5776 0 0)
(14.615 0 0)
(14.6511 0 0)
(14.686 0 0)
(14.7198 0 0)
(14.7526 0 0)
(14.7844 0 0)
(14.8152 0 0)
(14.8451 0 0)
(14.8741 0 0)
(14.9024 0 0)
(14.9298 0 0)
(14.9566 0 0)
(14.9826 0 0)
(15.0079 0 0)
(15.0326 0 0)
(15.0566 0 0)
(15.0801 0 0)
(15.103 0 0)
(15.1254 0 0)
(15.1472 0 0)
(15.1685 0 0)
(15.1894 0 0)
(15.2097 0 0)
(15.2297 0 0)
(15.2492 0 0)
(15.2682 0 0)
(15.2869 0 0)
(15.3052 0 0)
(15.3231 0 0)
(15.3406 0 0)
(15.3578 0 0)
(15.3747 0 0)
(15.3912 0 0)
(15.4074 0 0)
(15.4233 0 0)
(15.4389 0 0)
(15.4542 0 0)
(15.4692 0 0)
(15.4839 0 0)
(15.4984 0 0)
(15.5126 0 0)
(15.5265 0 0)
(15.5402 0 0)
(15.5537 0 0)
(15.5669 0 0)
(15.5799 0 0)
(15.5927 0 0)
(15.6053 0 0)
(15.6177 0 0)
(15.6299 0 0)
(15.6419 0 0)
(15.6537 0 0)
(15.6654 0 0)
(15.6769 0 0)
(15.6882 0 0)
(15.6994 0 0)
(15.7105 0 0)
(15.7215 0 0)
(15.7324 0 0)
)
;

boundaryField
{
    boundary
    {
        type            empty;
    }
    inlet
    {
        type            fixedValue;
        value           nonuniform 0();
    }
    outlet
    {
        type            zeroGradient;
    }
    procBoundary1to0
    {
        type            processor;
        value           uniform (15.743 0 0);
    }
    procBoundary1to3
    {
        type            processor;
        value           uniform (2.32755 0 0);
    }
}


// ************************************************************************* //
