/*--------------------------------*- C++ -*----------------------------------*\
  =========                 |
  \\      /  F ield         | OpenFOAM: The Open Source CFD Toolbox
   \\    /   O peration     | Website:  https://openfoam.org
    \\  /    A nd           | Version:  7
     \\/     M anipulation  |
\*---------------------------------------------------------------------------*/
FoamFile
{
    version     2.0;
    format      ascii;
    class       volVectorField;
    location    "0.00098";
    object      U;
}
// * * * * * * * * * * * * * * * * * * * * * * * * * * * * * * * * * * * * * //

dimensions      [0 1 -1 0 0 0 0];

internalField   nonuniform List<vector> 
126
(
(2.34605 0 0)
(2.34603 0 0)
(2.34601 0 0)
(2.34599 0 0)
(2.34597 0 0)
(2.34595 0 0)
(2.34593 0 0)
(2.34591 0 0)
(2.34589 0 0)
(2.34588 0 0)
(2.34586 0 0)
(2.34584 0 0)
(2.34582 0 0)
(2.3458 0 0)
(2.34578 0 0)
(2.34577 0 0)
(2.34575 0 0)
(2.34573 0 0)
(2.34571 0 0)
(2.34569 0 0)
(2.34567 0 0)
(2.34566 0 0)
(2.34564 0 0)
(2.34562 0 0)
(2.3456 0 0)
(2.34559 0 0)
(2.34557 0 0)
(2.34555 0 0)
(2.34553 0 0)
(2.34551 0 0)
(2.3455 0 0)
(2.34548 0 0)
(2.34546 0 0)
(2.34545 0 0)
(2.34543 0 0)
(2.34541 0 0)
(2.34539 0 0)
(2.34538 0 0)
(2.34536 0 0)
(2.34534 0 0)
(2.34533 0 0)
(2.34531 0 0)
(2.34529 0 0)
(2.34528 0 0)
(2.34526 0 0)
(2.34524 0 0)
(2.34523 0 0)
(2.34521 0 0)
(2.3452 0 0)
(2.34518 0 0)
(2.34516 0 0)
(2.34515 0 0)
(2.34513 0 0)
(2.34512 0 0)
(2.3451 0 0)
(2.34508 0 0)
(2.34507 0 0)
(2.34505 0 0)
(2.34504 0 0)
(2.34502 0 0)
(2.34501 0 0)
(2.34499 0 0)
(2.34497 0 0)
(2.34496 0 0)
(2.34494 0 0)
(2.34493 0 0)
(2.34491 0 0)
(2.3449 0 0)
(2.34488 0 0)
(2.34487 0 0)
(2.34485 0 0)
(2.34484 0 0)
(2.34482 0 0)
(2.34481 0 0)
(2.34479 0 0)
(2.34478 0 0)
(2.34476 0 0)
(2.34475 0 0)
(2.34473 0 0)
(2.34472 0 0)
(2.34471 0 0)
(2.34469 0 0)
(2.34468 0 0)
(2.34466 0 0)
(2.34465 0 0)
(2.34463 0 0)
(2.34462 0 0)
(2.3446 0 0)
(2.34459 0 0)
(2.34458 0 0)
(2.34456 0 0)
(2.34455 0 0)
(2.34453 0 0)
(2.34452 0 0)
(2.34451 0 0)
(2.34449 0 0)
(2.34448 0 0)
(2.34446 0 0)
(2.34445 0 0)
(2.34444 0 0)
(2.34442 0 0)
(2.34441 0 0)
(2.3444 0 0)
(2.34438 0 0)
(2.34437 0 0)
(2.34435 0 0)
(2.34434 0 0)
(2.34433 0 0)
(2.34431 0 0)
(2.3443 0 0)
(2.34429 0 0)
(2.34427 0 0)
(2.34426 0 0)
(2.34425 0 0)
(2.34423 0 0)
(2.34422 0 0)
(2.34421 0 0)
(2.34419 0 0)
(2.34418 0 0)
(2.34417 0 0)
(2.34415 0 0)
(2.34414 0 0)
(2.34413 0 0)
(2.34412 0 0)
(2.3441 0 0)
(2.34409 0 0)
)
;

boundaryField
{
    boundary
    {
        type            empty;
    }
    inlet
    {
        type            fixedValue;
        value           nonuniform 0();
    }
    outlet
    {
        type            zeroGradient;
    }
    procBoundary3to1
    {
        type            processor;
        value           uniform (2.34407 0 0);
    }
    procBoundary3to2
    {
        type            processor;
        value           uniform (2.34607 0 0);
    }
}


// ************************************************************************* //
