/*--------------------------------*- C++ -*----------------------------------*\
  =========                 |
  \\      /  F ield         | OpenFOAM: The Open Source CFD Toolbox
   \\    /   O peration     | Website:  https://openfoam.org
    \\  /    A nd           | Version:  7
     \\/     M anipulation  |
\*---------------------------------------------------------------------------*/
FoamFile
{
    version     2.0;
    format      ascii;
    class       volVectorField;
    location    "0.00037";
    object      U;
}
// * * * * * * * * * * * * * * * * * * * * * * * * * * * * * * * * * * * * * //

dimensions      [0 1 -1 0 0 0 0];

internalField   nonuniform List<vector> 
124
(
(15.7573 0 0)
(15.7678 0 0)
(15.7778 0 0)
(15.7878 0 0)
(15.7976 0 0)
(15.8074 0 0)
(15.817 0 0)
(15.8265 0 0)
(15.8358 0 0)
(15.8451 0 0)
(15.8542 0 0)
(15.8632 0 0)
(15.8721 0 0)
(15.8809 0 0)
(15.8896 0 0)
(15.8982 0 0)
(15.9067 0 0)
(15.9151 0 0)
(15.9234 0 0)
(15.9316 0 0)
(15.9398 0 0)
(15.9479 0 0)
(15.9559 0 0)
(15.9638 0 0)
(15.9717 0 0)
(15.9796 0 0)
(15.9873 0 0)
(15.9951 0 0)
(16.0027 0 0)
(16.0103 0 0)
(16.0179 0 0)
(16.0254 0 0)
(16.0328 0 0)
(16.0402 0 0)
(16.0475 0 0)
(16.0548 0 0)
(16.0619 0 0)
(16.069 0 0)
(16.076 0 0)
(16.0829 0 0)
(16.0897 0 0)
(16.0964 0 0)
(16.103 0 0)
(16.1094 0 0)
(16.1157 0 0)
(16.1218 0 0)
(16.1278 0 0)
(16.1335 0 0)
(16.1391 0 0)
(16.1445 0 0)
(16.1497 0 0)
(16.1546 0 0)
(16.1593 0 0)
(16.1638 0 0)
(16.1681 0 0)
(16.1721 0 0)
(16.1758 0 0)
(16.1793 0 0)
(16.1825 0 0)
(16.1854 0 0)
(16.1881 0 0)
(16.1906 0 0)
(16.1928 0 0)
(16.1947 0 0)
(16.1965 0 0)
(16.198 0 0)
(16.1992 0 0)
(16.2003 0 0)
(16.2012 0 0)
(16.2019 0 0)
(16.2024 0 0)
(16.2028 0 0)
(16.2031 0 0)
(16.2032 0 0)
(16.2032 0 0)
(16.2032 0 0)
(16.203 0 0)
(16.2028 0 0)
(16.2026 0 0)
(16.2024 0 0)
(16.2021 0 0)
(16.2018 0 0)
(16.2015 0 0)
(16.2012 0 0)
(16.201 0 0)
(16.2008 0 0)
(16.2006 0 0)
(16.2005 0 0)
(16.2004 0 0)
(16.2003 0 0)
(16.2003 0 0)
(16.2004 0 0)
(16.2005 0 0)
(16.2007 0 0)
(16.2009 0 0)
(16.2011 0 0)
(16.2014 0 0)
(16.2017 0 0)
(16.2021 0 0)
(16.2025 0 0)
(16.2029 0 0)
(16.2034 0 0)
(16.2039 0 0)
(16.2043 0 0)
(16.2048 0 0)
(16.2053 0 0)
(16.2058 0 0)
(16.2064 0 0)
(16.2068 0 0)
(16.2073 0 0)
(16.2078 0 0)
(16.2083 0 0)
(16.2087 0 0)
(16.2092 0 0)
(16.2096 0 0)
(16.21 0 0)
(16.2104 0 0)
(16.2108 0 0)
(16.2112 0 0)
(16.2117 0 0)
(16.2122 0 0)
(16.2128 0 0)
(16.2136 0 0)
(16.2152 0 0)
)
;

boundaryField
{
    boundary
    {
        type            empty;
    }
    inlet
    {
        type            fixedValue;
        value           nonuniform 0();
    }
    outlet
    {
        type            zeroGradient;
    }
    procBoundary0to1
    {
        type            processor;
        value           uniform (15.7463 0 0);
    }
}


// ************************************************************************* //
