/*--------------------------------*- C++ -*----------------------------------*\
  =========                 |
  \\      /  F ield         | OpenFOAM: The Open Source CFD Toolbox
   \\    /   O peration     | Website:  https://openfoam.org
    \\  /    A nd           | Version:  7
     \\/     M anipulation  |
\*---------------------------------------------------------------------------*/
FoamFile
{
    version     2.0;
    format      ascii;
    class       volScalarField;
    location    "0.00052";
    object      cellCpuTimes;
}
// * * * * * * * * * * * * * * * * * * * * * * * * * * * * * * * * * * * * * //

dimensions      [0 0 0 0 0 0 0];

internalField   nonuniform List<scalar> 
500
(
8.8e-05
5.1e-05
4.9e-05
4.9e-05
4.7e-05
4.8e-05
4.7e-05
4.8e-05
4.8e-05
4.8e-05
4.9e-05
4.8e-05
4.9e-05
4.8e-05
4.9e-05
4.9e-05
4.8e-05
4.7e-05
4.9e-05
4.8e-05
4.9e-05
4.8e-05
4.8e-05
4.8e-05
4.9e-05
4.8e-05
4.8e-05
4.6e-05
4.7e-05
4.7e-05
4.8e-05
4.9e-05
4.9e-05
4.8e-05
4.9e-05
4.9e-05
4.9e-05
4.8e-05
4.9e-05
4.6e-05
4.8e-05
4.8e-05
4.8e-05
4.8e-05
4.8e-05
4.8e-05
4.9e-05
4.7e-05
4.9e-05
4.9e-05
4.9e-05
4.9e-05
4.8e-05
4.7e-05
4.7e-05
4.9e-05
4.8e-05
4.9e-05
4.9e-05
4.9e-05
4.7e-05
4.9e-05
4.9e-05
4.9e-05
4.9e-05
4.8e-05
4.9e-05
4.8e-05
4.8e-05
4.8e-05
4.9e-05
4.9e-05
4.9e-05
4.9e-05
4.8e-05
4.8e-05
4.9e-05
4.9e-05
7.5e-05
4.7e-05
4.9e-05
4.9e-05
4.9e-05
4.8e-05
4.8e-05
4.8e-05
4.8e-05
4.8e-05
4.9e-05
4.9e-05
4.8e-05
4.8e-05
4.8e-05
4.8e-05
4.8e-05
4.8e-05
4.8e-05
4.8e-05
4.9e-05
4.8e-05
4.9e-05
4.8e-05
4.7e-05
4.8e-05
4.9e-05
4.8e-05
4.9e-05
4.7e-05
4.8e-05
4.8e-05
4.6e-05
4.9e-05
4.9e-05
4.8e-05
4.6e-05
4.7e-05
4.8e-05
4.8e-05
4.8e-05
4.8e-05
4.8e-05
4.8e-05
4.8e-05
4.8e-05
4.8e-05
8.6e-05
5.7e-05
4.9e-05
4.8e-05
4.7e-05
4.8e-05
4.8e-05
4.6e-05
4.8e-05
4.7e-05
4.7e-05
4.7e-05
4.7e-05
4.7e-05
4.7e-05
4.7e-05
4.7e-05
4.7e-05
4.6e-05
4.7e-05
4.7e-05
4.7e-05
4.7e-05
4.7e-05
4.6e-05
4.7e-05
4.7e-05
4.6e-05
4.6e-05
4.7e-05
4.6e-05
4.7e-05
4.7e-05
4.6e-05
4.7e-05
4.7e-05
4.7e-05
4.7e-05
4.8e-05
4.7e-05
4.7e-05
4.7e-05
4.7e-05
4.7e-05
4.7e-05
4.7e-05
4.7e-05
4.7e-05
4.7e-05
4.7e-05
4.6e-05
4.7e-05
4.7e-05
4.7e-05
4.7e-05
4.7e-05
4.6e-05
4.7e-05
4.7e-05
4.6e-05
4.7e-05
4.6e-05
4.7e-05
4.6e-05
4.7e-05
4.6e-05
4.7e-05
4.7e-05
4.6e-05
4.6e-05
4.7e-05
4.6e-05
4.6e-05
4.7e-05
4.6e-05
4.7e-05
4.7e-05
4.6e-05
4.6e-05
4.7e-05
5e-05
4.7e-05
4.7e-05
4.7e-05
4.6e-05
4.7e-05
4.7e-05
4.7e-05
4.6e-05
4.7e-05
4.8e-05
4.7e-05
4.7e-05
4.6e-05
4.7e-05
4.6e-05
4.7e-05
4.7e-05
4.7e-05
4.6e-05
4.6e-05
4.6e-05
4.7e-05
4.7e-05
4.7e-05
4.6e-05
4.7e-05
4.7e-05
4.7e-05
4.6e-05
4.7e-05
4.6e-05
4.6e-05
4.7e-05
4.6e-05
4.6e-05
4.6e-05
4.7e-05
4.7e-05
4.6e-05
4.6e-05
4.7e-05
4.7e-05
4.6e-05
4.7e-05
4.7e-05
4.6e-05
4.6e-05
4.7e-05
4.6e-05
4.7e-05
4.6e-05
4.6e-05
4.6e-05
4.7e-05
4.6e-05
4.6e-05
4.7e-05
4.7e-05
4.6e-05
4.7e-05
4.7e-05
4.6e-05
4.6e-05
4.6e-05
5.1e-05
5.7e-05
6.6e-05
8.6e-05
0.000105
0.000146
0.000148
0.000155
0.000179
0.000168
0.000191
0.000246
0.000263
0.000298
0.000277
0.000246
0.000249
0.000228
0.000225
0.000216
0.000203
0.00017
0.00018
0.000173
0.000205
0.000162
0.000148
0.000149
0.000148
0.000146
0.000146
0.000147
0.000143
0.000139
0.000145
0.000144
0.000145
0.000143
0.00014
0.000139
0.000131
0.000126
0.000126
0.000127
0.000125
0.000124
0.000124
0.000131
0.000131
0.000127
0.000127
0.00013
0.000127
0.000122
0.000122
0.000122
0.000122
0.000122
0.000119
0.00012
0.000126
0.000122
0.000121
0.000122
0.000123
0.000123
0.000119
0.000118
0.000118
0.000119
0.000118
0.000118
0.000119
0.000117
0.000116
0.000116
0.000114
0.000114
0.000114
0.000111
0.000112
0.000112
0.000111
0.000111
0.000112
0.000115
0.000111
0.000112
0.000112
0.000112
0.000112
0.000112
0.000114
0.000114
0.000112
0.000113
0.000111
0.000111
0.000112
0.000111
0.000111
0.000111
0.000111
0.000112
0.000112
0.000111
0.000115
0.000113
0.000112
0.000111
0.000109
0.000109
0.00011
0.000108
0.00011
0.00011
0.000108
0.00011
0.00011
0.000108
0.000108
0.000111
0.000104
0.000105
0.000105
0.000104
0.000104
0.00015
0.000111
0.000106
0.000105
0.000103
0.000101
9.9e-05
9.9e-05
9.9e-05
9.9e-05
9.8e-05
9.6e-05
9.8e-05
9.7e-05
0.000101
0.000101
0.000101
0.000101
0.000102
9.8e-05
0.000101
0.000101
0.000102
0.000101
0.0001
0.000101
0.000101
9.6e-05
9.7e-05
9.6e-05
0.000101
0.0001
0.0001
9.8e-05
9.7e-05
9.8e-05
9.5e-05
9.5e-05
9.9e-05
9.6e-05
9.6e-05
9.5e-05
9.5e-05
9.6e-05
9.5e-05
9.5e-05
9.5e-05
9.5e-05
9.4e-05
9.5e-05
9.5e-05
9.5e-05
9.5e-05
9.4e-05
9.5e-05
9.5e-05
9.5e-05
9.4e-05
9.5e-05
9.5e-05
9.4e-05
9.5e-05
9.5e-05
9.5e-05
9.6e-05
9.5e-05
9.5e-05
9.4e-05
9.5e-05
9.5e-05
9.5e-05
9.4e-05
9.5e-05
9.5e-05
9.5e-05
9.6e-05
9.4e-05
9.5e-05
9.6e-05
0.000106
9.6e-05
9.3e-05
9.2e-05
9.3e-05
9.3e-05
9.3e-05
9.2e-05
9.3e-05
9.3e-05
9.3e-05
9.3e-05
9.3e-05
9.3e-05
9.4e-05
9.5e-05
9.5e-05
9.5e-05
9.5e-05
9.7e-05
9.6e-05
0.000106
0.000108
0.00011
)
;

boundaryField
{
    boundary
    {
        type            empty;
    }
    inlet
    {
        type            calculated;
        value           uniform 0;
    }
    outlet
    {
        type            calculated;
        value           uniform 0;
    }
}


// ************************************************************************* //
