/*--------------------------------*- C++ -*----------------------------------*\
  =========                 |
  \\      /  F ield         | OpenFOAM: The Open Source CFD Toolbox
   \\    /   O peration     | Website:  https://openfoam.org
    \\  /    A nd           | Version:  7
     \\/     M anipulation  |
\*---------------------------------------------------------------------------*/
FoamFile
{
    version     2.0;
    format      ascii;
    class       volVectorField;
    location    "0.00073";
    object      U;
}
// * * * * * * * * * * * * * * * * * * * * * * * * * * * * * * * * * * * * * //

dimensions      [0 1 -1 0 0 0 0];

internalField   nonuniform List<vector> 
126
(
(2.34798 0 0)
(2.34798 0 0)
(2.34797 0 0)
(2.34796 0 0)
(2.34795 0 0)
(2.34794 0 0)
(2.34794 0 0)
(2.34793 0 0)
(2.34792 0 0)
(2.34791 0 0)
(2.3479 0 0)
(2.3479 0 0)
(2.34789 0 0)
(2.34788 0 0)
(2.34787 0 0)
(2.34787 0 0)
(2.34786 0 0)
(2.34785 0 0)
(2.34784 0 0)
(2.34784 0 0)
(2.34783 0 0)
(2.34782 0 0)
(2.34781 0 0)
(2.3478 0 0)
(2.3478 0 0)
(2.34779 0 0)
(2.34778 0 0)
(2.34777 0 0)
(2.34777 0 0)
(2.34776 0 0)
(2.34775 0 0)
(2.34774 0 0)
(2.34774 0 0)
(2.34773 0 0)
(2.34772 0 0)
(2.34771 0 0)
(2.3477 0 0)
(2.3477 0 0)
(2.34769 0 0)
(2.34768 0 0)
(2.34767 0 0)
(2.34766 0 0)
(2.34766 0 0)
(2.34765 0 0)
(2.34764 0 0)
(2.34763 0 0)
(2.34763 0 0)
(2.34762 0 0)
(2.34761 0 0)
(2.3476 0 0)
(2.34759 0 0)
(2.34759 0 0)
(2.34758 0 0)
(2.34757 0 0)
(2.34756 0 0)
(2.34755 0 0)
(2.34754 0 0)
(2.34754 0 0)
(2.34753 0 0)
(2.34752 0 0)
(2.34751 0 0)
(2.3475 0 0)
(2.3475 0 0)
(2.34749 0 0)
(2.34748 0 0)
(2.34747 0 0)
(2.34746 0 0)
(2.34745 0 0)
(2.34744 0 0)
(2.34744 0 0)
(2.34743 0 0)
(2.34742 0 0)
(2.34741 0 0)
(2.3474 0 0)
(2.34739 0 0)
(2.34739 0 0)
(2.34738 0 0)
(2.34737 0 0)
(2.34736 0 0)
(2.34735 0 0)
(2.34734 0 0)
(2.34733 0 0)
(2.34733 0 0)
(2.34732 0 0)
(2.34731 0 0)
(2.3473 0 0)
(2.34729 0 0)
(2.34728 0 0)
(2.34727 0 0)
(2.34726 0 0)
(2.34726 0 0)
(2.34725 0 0)
(2.34724 0 0)
(2.34723 0 0)
(2.34722 0 0)
(2.34721 0 0)
(2.3472 0 0)
(2.34719 0 0)
(2.34719 0 0)
(2.34718 0 0)
(2.34717 0 0)
(2.34716 0 0)
(2.34715 0 0)
(2.34714 0 0)
(2.34713 0 0)
(2.34712 0 0)
(2.34712 0 0)
(2.34711 0 0)
(2.3471 0 0)
(2.34709 0 0)
(2.34708 0 0)
(2.34707 0 0)
(2.34706 0 0)
(2.34705 0 0)
(2.34705 0 0)
(2.34704 0 0)
(2.34703 0 0)
(2.34702 0 0)
(2.34701 0 0)
(2.347 0 0)
(2.34699 0 0)
(2.34699 0 0)
(2.34698 0 0)
(2.34697 0 0)
(2.34696 0 0)
(2.34695 0 0)
)
;

boundaryField
{
    boundary
    {
        type            empty;
    }
    inlet
    {
        type            fixedValue;
        value           nonuniform 0();
    }
    outlet
    {
        type            zeroGradient;
    }
    procBoundary3to1
    {
        type            processor;
        value           uniform (2.34694 0 0);
    }
    procBoundary3to2
    {
        type            processor;
        value           uniform (2.34799 0 0);
    }
}


// ************************************************************************* //
