/*--------------------------------*- C++ -*----------------------------------*\
  =========                 |
  \\      /  F ield         | OpenFOAM: The Open Source CFD Toolbox
   \\    /   O peration     | Website:  https://openfoam.org
    \\  /    A nd           | Version:  7
     \\/     M anipulation  |
\*---------------------------------------------------------------------------*/
FoamFile
{
    version     2.0;
    format      ascii;
    class       volVectorField;
    location    "0.00042";
    object      U;
}
// * * * * * * * * * * * * * * * * * * * * * * * * * * * * * * * * * * * * * //

dimensions      [0 1 -1 0 0 0 0];

internalField   nonuniform List<vector> 
126
(
(2.33839 0 0)
(2.3383 0 0)
(2.33822 0 0)
(2.33812 0 0)
(2.33803 0 0)
(2.33794 0 0)
(2.33785 0 0)
(2.33776 0 0)
(2.33767 0 0)
(2.33758 0 0)
(2.33749 0 0)
(2.3374 0 0)
(2.33731 0 0)
(2.33721 0 0)
(2.33712 0 0)
(2.33703 0 0)
(2.33694 0 0)
(2.33685 0 0)
(2.33676 0 0)
(2.33666 0 0)
(2.33657 0 0)
(2.33648 0 0)
(2.33639 0 0)
(2.3363 0 0)
(2.3362 0 0)
(2.33611 0 0)
(2.33602 0 0)
(2.33593 0 0)
(2.33583 0 0)
(2.33574 0 0)
(2.33565 0 0)
(2.33556 0 0)
(2.33546 0 0)
(2.33537 0 0)
(2.33528 0 0)
(2.33518 0 0)
(2.33509 0 0)
(2.335 0 0)
(2.3349 0 0)
(2.33481 0 0)
(2.33472 0 0)
(2.33462 0 0)
(2.33453 0 0)
(2.33444 0 0)
(2.33434 0 0)
(2.33425 0 0)
(2.33415 0 0)
(2.33406 0 0)
(2.33397 0 0)
(2.33387 0 0)
(2.33378 0 0)
(2.33368 0 0)
(2.33359 0 0)
(2.33349 0 0)
(2.3334 0 0)
(2.33331 0 0)
(2.33321 0 0)
(2.33312 0 0)
(2.33302 0 0)
(2.33293 0 0)
(2.33283 0 0)
(2.33274 0 0)
(2.33264 0 0)
(2.33255 0 0)
(2.33245 0 0)
(2.33236 0 0)
(2.33226 0 0)
(2.33217 0 0)
(2.33208 0 0)
(2.33198 0 0)
(2.33189 0 0)
(2.33179 0 0)
(2.3317 0 0)
(2.3316 0 0)
(2.33151 0 0)
(2.33141 0 0)
(2.33132 0 0)
(2.33122 0 0)
(2.33113 0 0)
(2.33103 0 0)
(2.33094 0 0)
(2.33084 0 0)
(2.33075 0 0)
(2.33065 0 0)
(2.33056 0 0)
(2.33046 0 0)
(2.33037 0 0)
(2.33027 0 0)
(2.33018 0 0)
(2.33008 0 0)
(2.32999 0 0)
(2.3299 0 0)
(2.3298 0 0)
(2.32971 0 0)
(2.32961 0 0)
(2.32952 0 0)
(2.32942 0 0)
(2.32933 0 0)
(2.32924 0 0)
(2.32914 0 0)
(2.32905 0 0)
(2.32895 0 0)
(2.32886 0 0)
(2.32877 0 0)
(2.32867 0 0)
(2.32858 0 0)
(2.32848 0 0)
(2.32839 0 0)
(2.3283 0 0)
(2.3282 0 0)
(2.32811 0 0)
(2.32802 0 0)
(2.32792 0 0)
(2.32783 0 0)
(2.32774 0 0)
(2.32765 0 0)
(2.32755 0 0)
(2.32746 0 0)
(2.32737 0 0)
(2.32728 0 0)
(2.32718 0 0)
(2.32709 0 0)
(2.327 0 0)
(2.32691 0 0)
(2.32682 0 0)
(2.32672 0 0)
)
;

boundaryField
{
    boundary
    {
        type            empty;
    }
    inlet
    {
        type            fixedValue;
        value           nonuniform 0();
    }
    outlet
    {
        type            zeroGradient;
    }
    procBoundary3to1
    {
        type            processor;
        value           uniform (2.32663 0 0);
    }
    procBoundary3to2
    {
        type            processor;
        value           uniform (2.33848 0 0);
    }
}


// ************************************************************************* //
