/*--------------------------------*- C++ -*----------------------------------*\
  =========                 |
  \\      /  F ield         | OpenFOAM: The Open Source CFD Toolbox
   \\    /   O peration     | Website:  https://openfoam.org
    \\  /    A nd           | Version:  7
     \\/     M anipulation  |
\*---------------------------------------------------------------------------*/
FoamFile
{
    version     2.0;
    format      ascii;
    class       volScalarField;
    location    "0";
    object      H2;
}
// * * * * * * * * * * * * * * * * * * * * * * * * * * * * * * * * * * * * * //

dimensions      [0 0 0 0 0 0 0];

internalField   nonuniform List<scalar> 
500
(
0.0285116
0.0285116
0.0285116
0.0285116
0.0285116
0.0285116
0.0285116
0.0285116
0.0285116
0.0285116
0.0285116
0.0285116
0.0285116
0.0285116
0.0285116
0.0285116
0.0285116
0.0285116
0.0285116
0.0285116
0.0285116
0.0285116
0.0285116
0.0285116
0.0285116
0.0285116
0.0285116
0.0285116
0.0285116
0.0285116
0.0285116
0.0285116
0.0285116
0.0285116
0.0285116
0.0285116
0.0285116
0.0285116
0.0285116
0.0285116
0.0285116
0.0285116
0.0285116
0.0285116
0.0285116
0.0285116
0.0285116
0.0285116
0.0285116
0.0285116
0.0285116
0.0285116
0.0285116
0.0285116
0.0285116
0.0285116
0.0285116
0.0285116
0.0285116
0.0285116
0.0285116
0.0285116
0.0285116
0.0285116
0.0285116
0.0285116
0.0285116
0.0285116
0.0285116
0.0285116
0.0285116
0.0285116
0.0285116
0.0285116
0.0285116
0.0285116
0.0285116
0.0285116
0.0285116
0.0285116
0.0285116
0.0285116
0.0285116
0.0285116
0.0285116
0.0285116
0.0285116
0.0285116
0.0285116
0.0285116
0.0285116
0.0285116
0.0285116
0.0285116
0.0285116
0.0285116
0.0285116
0.0285116
0.0285116
0.0285116
0.0285116
0.0285116
0.0285116
0.0285116
0.0285116
0.0285116
0.0285116
0.0285116
0.0285116
0.0285116
0.0285116
0.0285116
0.0285116
0.0285116
0.0285116
0.0285116
0.0285116
0.0285116
0.0285116
0.0285116
0.0285116
0.0285116
0.0285116
0.0285116
0.0285116
0.0285116
0.0285116
0.0285116
0.0285116
0.0285116
0.0285116
0.0285116
0.0285116
0.0285116
0.0285116
0.0285116
0.0285116
0.0285116
0.0285116
0.0285116
0.0285116
0.0285116
0.0285116
0.0285116
0.0285116
0.0285116
0.0285116
0.0285116
0.0285116
0.0285116
0.0285116
0.0285116
0.0285116
0.0285116
0.0285116
0.0285116
0.0285116
0.0285116
0.0285116
0.0285116
0.0285116
0.0285116
0.0285116
0.0285116
0.0285116
0.0285116
0.0285116
0.0285116
0.0285116
0.0285116
0.0285116
0.0285116
0.0285116
0.0285116
0.0285116
0.0285116
0.0285116
0.0285116
0.0285116
0.0285116
0.0285116
0.0285116
0.0285116
0.0285116
0.0285116
0.0285116
0.0285116
0.0285116
0.0285116
0.0285116
0.0285116
0.0285116
0.0285116
0.0285116
0.0285116
0.0285116
0.0285116
0.0285116
0.0285116
0.0285116
0.0285116
0.0285116
0.0285116
0.0285116
0.0285116
0.0285116
0.0285116
0.0285116
0.0285116
0.0285116
0.0285116
0.0285116
0.0285116
0.0285116
0.0285116
0.0285116
0.0285116
0.0285116
0.0285116
0.0285116
0.0285116
0.0285116
0.0285116
0.0285116
0.0285116
0.0285116
0.0285116
0.0285116
0.0285116
0.0285116
0.0285116
0.0285116
0.0285116
0.0285116
0.0285116
0.0285116
0.0285116
0.0285116
0.0285116
0.0285116
0.0285116
0.0285116
0.0285116
0.0285116
0.0285116
0.0285116
0.0285116
0.0285116
0.0285116
0.0285116
0.0285116
0.0285116
0.0285116
0.0285116
0.0285116
0.0285116
0.0285116
0.0285116
0.0285116
0.0285116
0.0285116
0.0285116
0.0285116
0.0285116
0.0285116
0.0285116
0.0285116
0.0285116
0.0285116
0.0285116
0.0285116
0.0285116
0.0285116
0.0285116
0.0285116
0.0285116
0.0285116
0.0285116
0.0285116
0.0285116
0.0285116
0.0285116
0.0285116
0.0285116
0.00121994
0.00121994
0.00121994
0.00121994
0.00121994
0.00121994
0.00121994
0.00121994
0.00121994
0.00121994
0.00121994
0.00121994
0.00121994
0.00121994
0.00121994
0.00121994
0.00121994
0.00121994
0.00121994
0.00121994
0.00121994
0.00121994
0.00121994
0.00121994
0.00121994
0.00121994
0.00121994
0.00121994
0.00121994
0.00121994
0.00121994
0.00121994
0.00121994
0.00121994
0.00121994
0.00121994
0.00121994
0.00121994
0.00121994
0.00121994
0.00121994
0.00121994
0.00121994
0.00121994
0.00121994
0.00121994
0.00121994
0.00121994
0.00121994
0.00121994
0.00121994
0.00121994
0.00121994
0.00121994
0.00121994
0.00121994
0.00121994
0.00121994
0.00121994
0.00121994
0.00121994
0.00121994
0.00121994
0.00121994
0.00121994
0.00121994
0.00121994
0.00121994
0.00121994
0.00121994
0.00121994
0.00121994
0.00121994
0.00121994
0.00121994
0.00121994
0.00121994
0.00121994
0.00121994
0.00121994
0.00121994
0.00121994
0.00121994
0.00121994
0.00121994
0.00121994
0.00121994
0.00121994
0.00121994
0.00121994
0.00121994
0.00121994
0.00121994
0.00121994
0.00121994
0.00121994
0.00121994
0.00121994
0.00121994
0.00121994
0.00121994
0.00121994
0.00121994
0.00121994
0.00121994
0.00121994
0.00121994
0.00121994
0.00121994
0.00121994
0.00121994
0.00121994
0.00121994
0.00121994
0.00121994
0.00121994
0.00121994
0.00121994
0.00121994
0.00121994
0.00121994
0.00121994
0.00121994
0.00121994
0.00121994
0.00121994
0.00121994
0.00121994
0.00121994
0.00121994
0.00121994
0.00121994
0.00121994
0.00121994
0.00121994
0.00121994
0.00121994
0.00121994
0.00121994
0.00121994
0.00121994
0.00121994
0.00121994
0.00121994
0.00121994
0.00121994
0.00121994
0.00121994
0.00121994
0.00121994
0.00121994
0.00121994
0.00121994
0.00121994
0.00121994
0.00121994
0.00121994
0.00121994
0.00121994
0.00121994
0.00121994
0.00121994
0.00121994
0.00121994
0.00121994
0.00121994
0.00121994
0.00121994
0.00121994
0.00121994
0.00121994
0.00121994
0.00121994
0.00121994
0.00121994
0.00121994
0.00121994
0.00121994
0.00121994
0.00121994
0.00121994
0.00121994
0.00121994
0.00121994
0.00121994
0.00121994
0.00121994
0.00121994
0.00121994
0.00121994
0.00121994
0.00121994
0.00121994
0.00121994
0.00121994
0.00121994
0.00121994
0.00121994
0.00121994
0.00121994
0.00121994
0.00121994
0.00121994
0.00121994
0.00121994
0.00121994
0.00121994
0.00121994
0.00121994
0.00121994
0.00121994
0.00121994
0.00121994
0.00121994
0.00121994
0.00121994
)
;

boundaryField
{
    boundary
    {
        type            empty;
    }
    inlet
    {
        type            fixedValue;
        value           uniform 0.0285116;
    }
    outlet
    {
        type            zeroGradient;
    }
}


// ************************************************************************* //
