/*--------------------------------*- C++ -*----------------------------------*\
  =========                 |
  \\      /  F ield         | OpenFOAM: The Open Source CFD Toolbox
   \\    /   O peration     | Website:  https://openfoam.org
    \\  /    A nd           | Version:  7
     \\/     M anipulation  |
\*---------------------------------------------------------------------------*/
FoamFile
{
    version     2.0;
    format      ascii;
    class       volVectorField;
    location    "0.0003";
    object      U;
}
// * * * * * * * * * * * * * * * * * * * * * * * * * * * * * * * * * * * * * //

dimensions      [0 1 -1 0 0 0 0];

internalField   nonuniform List<vector> 
125
(
(2.32409 0 0)
(2.324 0 0)
(2.32391 0 0)
(2.32382 0 0)
(2.32374 0 0)
(2.32365 0 0)
(2.32356 0 0)
(2.32347 0 0)
(2.32338 0 0)
(2.32329 0 0)
(2.3232 0 0)
(2.32311 0 0)
(2.32302 0 0)
(2.32293 0 0)
(2.32284 0 0)
(2.32275 0 0)
(2.32266 0 0)
(2.32258 0 0)
(2.32249 0 0)
(2.32251 0 0)
(2.32272 0 0)
(2.3237 0 0)
(2.32706 0 0)
(2.33722 0 0)
(2.36495 0 0)
(2.43388 0 0)
(2.5957 0 0)
(2.9502 0 0)
(3.6709 0 0)
(4.75984 0 0)
(5.99727 0 0)
(7.18395 0 0)
(8.24239 0 0)
(9.15587 0 0)
(9.92155 0 0)
(10.5575 0 0)
(11.0856 0 0)
(11.5119 0 0)
(11.8494 0 0)
(12.1256 0 0)
(12.3619 0 0)
(12.5685 0 0)
(12.7511 0 0)
(12.9139 0 0)
(13.0603 0 0)
(13.1931 0 0)
(13.3144 0 0)
(13.4257 0 0)
(13.5286 0 0)
(13.6239 0 0)
(13.7126 0 0)
(13.7955 0 0)
(13.8731 0 0)
(13.946 0 0)
(14.0147 0 0)
(14.0796 0 0)
(14.1409 0 0)
(14.1991 0 0)
(14.2543 0 0)
(14.3067 0 0)
(14.3566 0 0)
(14.4028 0 0)
(14.446 0 0)
(14.4878 0 0)
(14.5281 0 0)
(14.567 0 0)
(14.6045 0 0)
(14.6407 0 0)
(14.6758 0 0)
(14.7098 0 0)
(14.7427 0 0)
(14.7745 0 0)
(14.8055 0 0)
(14.8355 0 0)
(14.8646 0 0)
(14.893 0 0)
(14.9205 0 0)
(14.9473 0 0)
(14.9734 0 0)
(14.9988 0 0)
(15.0236 0 0)
(15.0477 0 0)
(15.0713 0 0)
(15.0943 0 0)
(15.1167 0 0)
(15.1386 0 0)
(15.1599 0 0)
(15.1808 0 0)
(15.2012 0 0)
(15.2212 0 0)
(15.2407 0 0)
(15.2598 0 0)
(15.2785 0 0)
(15.2968 0 0)
(15.3147 0 0)
(15.3323 0 0)
(15.3495 0 0)
(15.3663 0 0)
(15.3828 0 0)
(15.399 0 0)
(15.4149 0 0)
(15.4305 0 0)
(15.4457 0 0)
(15.4607 0 0)
(15.4754 0 0)
(15.4899 0 0)
(15.5041 0 0)
(15.518 0 0)
(15.5317 0 0)
(15.5452 0 0)
(15.5584 0 0)
(15.5714 0 0)
(15.5842 0 0)
(15.5968 0 0)
(15.6092 0 0)
(15.6215 0 0)
(15.6336 0 0)
(15.6455 0 0)
(15.6572 0 0)
(15.6689 0 0)
(15.6804 0 0)
(15.6918 0 0)
(15.7031 0 0)
(15.7143 0 0)
(15.7254 0 0)
)
;

boundaryField
{
    boundary
    {
        type            empty;
    }
    inlet
    {
        type            fixedValue;
        value           nonuniform 0();
    }
    outlet
    {
        type            zeroGradient;
    }
    procBoundary1to0
    {
        type            processor;
        value           uniform (15.7363 0 0);
    }
    procBoundary1to3
    {
        type            processor;
        value           uniform (2.32418 0 0);
    }
}


// ************************************************************************* //
