/*--------------------------------*- C++ -*----------------------------------*\
  =========                 |
  \\      /  F ield         | OpenFOAM: The Open Source CFD Toolbox
   \\    /   O peration     | Website:  https://openfoam.org
    \\  /    A nd           | Version:  7
     \\/     M anipulation  |
\*---------------------------------------------------------------------------*/
FoamFile
{
    version     2.0;
    format      ascii;
    class       volVectorField;
    location    "0.00015";
    object      U;
}
// * * * * * * * * * * * * * * * * * * * * * * * * * * * * * * * * * * * * * //

dimensions      [0 1 -1 0 0 0 0];

internalField   nonuniform List<vector> 
125
(
(2.34889 0 0)
(2.34857 0 0)
(2.34812 0 0)
(2.34775 0 0)
(2.34744 0 0)
(2.34714 0 0)
(2.34681 0 0)
(2.34646 0 0)
(2.34606 0 0)
(2.3456 0 0)
(2.34509 0 0)
(2.34454 0 0)
(2.34398 0 0)
(2.34341 0 0)
(2.34284 0 0)
(2.34229 0 0)
(2.34177 0 0)
(2.34126 0 0)
(2.34077 0 0)
(2.3403 0 0)
(2.33984 0 0)
(2.33939 0 0)
(2.33894 0 0)
(2.3385 0 0)
(2.33807 0 0)
(2.33764 0 0)
(2.3372 0 0)
(2.33677 0 0)
(2.33635 0 0)
(2.33592 0 0)
(2.33549 0 0)
(2.33506 0 0)
(2.33463 0 0)
(2.3342 0 0)
(2.33378 0 0)
(2.33335 0 0)
(2.33293 0 0)
(2.3325 0 0)
(2.33208 0 0)
(2.33165 0 0)
(2.33123 0 0)
(2.3308 0 0)
(2.33038 0 0)
(2.32996 0 0)
(2.32954 0 0)
(2.32912 0 0)
(2.3287 0 0)
(2.32828 0 0)
(2.32786 0 0)
(2.32744 0 0)
(2.32702 0 0)
(2.3266 0 0)
(2.32618 0 0)
(2.32577 0 0)
(2.32535 0 0)
(2.32493 0 0)
(2.32452 0 0)
(2.32411 0 0)
(2.32369 0 0)
(2.32328 0 0)
(2.32287 0 0)
(2.32246 0 0)
(2.32204 0 0)
(2.32163 0 0)
(2.32123 0 0)
(2.32082 0 0)
(2.32041 0 0)
(2.32 0 0)
(2.3196 0 0)
(2.31919 0 0)
(2.31878 0 0)
(2.31838 0 0)
(2.31798 0 0)
(2.31757 0 0)
(2.31717 0 0)
(2.31677 0 0)
(2.31637 0 0)
(2.31597 0 0)
(2.31557 0 0)
(2.31518 0 0)
(2.31478 0 0)
(2.31438 0 0)
(2.31399 0 0)
(2.3136 0 0)
(2.3132 0 0)
(2.31281 0 0)
(2.31242 0 0)
(2.31203 0 0)
(2.31164 0 0)
(2.31125 0 0)
(2.31086 0 0)
(2.31047 0 0)
(2.31009 0 0)
(2.3097 0 0)
(2.30932 0 0)
(2.30894 0 0)
(2.30855 0 0)
(2.30817 0 0)
(2.30779 0 0)
(2.30741 0 0)
(2.30704 0 0)
(2.30666 0 0)
(2.30628 0 0)
(2.30591 0 0)
(2.30553 0 0)
(2.30516 0 0)
(2.30479 0 0)
(2.30442 0 0)
(2.30405 0 0)
(2.30368 0 0)
(2.30331 0 0)
(2.30294 0 0)
(2.30258 0 0)
(2.30221 0 0)
(2.30185 0 0)
(2.30149 0 0)
(2.30112 0 0)
(2.30076 0 0)
(2.3004 0 0)
(2.30004 0 0)
(2.29969 0 0)
(2.29933 0 0)
(2.29898 0 0)
(2.29862 0 0)
(2.29825 0 0)
)
;

boundaryField
{
    boundary
    {
        type            empty;
    }
    inlet
    {
        type            fixedValue;
        value           uniform (2.34893 0 0);
    }
    outlet
    {
        type            zeroGradient;
    }
    procBoundary2to3
    {
        type            processor;
        value           uniform (2.29789 0 0);
    }
}


// ************************************************************************* //
