/*--------------------------------*- C++ -*----------------------------------*\
  =========                 |
  \\      /  F ield         | OpenFOAM: The Open Source CFD Toolbox
   \\    /   O peration     | Website:  https://openfoam.org
    \\  /    A nd           | Version:  7
     \\/     M anipulation  |
\*---------------------------------------------------------------------------*/
FoamFile
{
    version     2.0;
    format      ascii;
    class       volVectorField;
    location    "0.00094";
    object      U;
}
// * * * * * * * * * * * * * * * * * * * * * * * * * * * * * * * * * * * * * //

dimensions      [0 1 -1 0 0 0 0];

internalField   nonuniform List<vector> 
125
(
(2.34894 0 0)
(2.34895 0 0)
(2.34896 0 0)
(2.34897 0 0)
(2.34898 0 0)
(2.34899 0 0)
(2.34899 0 0)
(2.349 0 0)
(2.34901 0 0)
(2.34902 0 0)
(2.34902 0 0)
(2.34903 0 0)
(2.34904 0 0)
(2.34904 0 0)
(2.34905 0 0)
(2.34905 0 0)
(2.34906 0 0)
(2.34906 0 0)
(2.34907 0 0)
(2.34908 0 0)
(2.34908 0 0)
(2.34909 0 0)
(2.3491 0 0)
(2.34911 0 0)
(2.34912 0 0)
(2.34913 0 0)
(2.34914 0 0)
(2.34915 0 0)
(2.34916 0 0)
(2.34918 0 0)
(2.34919 0 0)
(2.3492 0 0)
(2.34922 0 0)
(2.34923 0 0)
(2.34925 0 0)
(2.34927 0 0)
(2.34928 0 0)
(2.3493 0 0)
(2.34932 0 0)
(2.34933 0 0)
(2.34935 0 0)
(2.34937 0 0)
(2.34939 0 0)
(2.34941 0 0)
(2.34943 0 0)
(2.34946 0 0)
(2.34948 0 0)
(2.34951 0 0)
(2.34953 0 0)
(2.34956 0 0)
(2.34959 0 0)
(2.34961 0 0)
(2.34964 0 0)
(2.34967 0 0)
(2.3497 0 0)
(2.34973 0 0)
(2.34975 0 0)
(2.34978 0 0)
(2.3498 0 0)
(2.34982 0 0)
(2.34984 0 0)
(2.34986 0 0)
(2.34988 0 0)
(2.34989 0 0)
(2.3499 0 0)
(2.34991 0 0)
(2.34992 0 0)
(2.34992 0 0)
(2.34992 0 0)
(2.34992 0 0)
(2.34991 0 0)
(2.34991 0 0)
(2.3499 0 0)
(2.34989 0 0)
(2.34988 0 0)
(2.34987 0 0)
(2.34986 0 0)
(2.34985 0 0)
(2.34984 0 0)
(2.34983 0 0)
(2.34982 0 0)
(2.34981 0 0)
(2.3498 0 0)
(2.34979 0 0)
(2.34978 0 0)
(2.34977 0 0)
(2.34977 0 0)
(2.34977 0 0)
(2.34976 0 0)
(2.34976 0 0)
(2.34976 0 0)
(2.34976 0 0)
(2.34976 0 0)
(2.34977 0 0)
(2.34977 0 0)
(2.34977 0 0)
(2.34978 0 0)
(2.34978 0 0)
(2.34979 0 0)
(2.3498 0 0)
(2.3498 0 0)
(2.34981 0 0)
(2.34982 0 0)
(2.34982 0 0)
(2.34983 0 0)
(2.34984 0 0)
(2.34985 0 0)
(2.34986 0 0)
(2.34986 0 0)
(2.34987 0 0)
(2.34988 0 0)
(2.34989 0 0)
(2.3499 0 0)
(2.34991 0 0)
(2.34991 0 0)
(2.34992 0 0)
(2.34993 0 0)
(2.34994 0 0)
(2.34995 0 0)
(2.34996 0 0)
(2.34996 0 0)
(2.34997 0 0)
(2.34998 0 0)
(2.34999 0 0)
(2.35 0 0)
)
;

boundaryField
{
    boundary
    {
        type            empty;
    }
    inlet
    {
        type            fixedValue;
        value           uniform (2.34893 0 0);
    }
    outlet
    {
        type            zeroGradient;
    }
    procBoundary2to3
    {
        type            processor;
        value           uniform (2.35 0 0);
    }
}


// ************************************************************************* //
