/*--------------------------------*- C++ -*----------------------------------*\
  =========                 |
  \\      /  F ield         | OpenFOAM: The Open Source CFD Toolbox
   \\    /   O peration     | Website:  https://openfoam.org
    \\  /    A nd           | Version:  7
     \\/     M anipulation  |
\*---------------------------------------------------------------------------*/
FoamFile
{
    version     2.0;
    format      ascii;
    class       volVectorField;
    location    "0.00095";
    object      U;
}
// * * * * * * * * * * * * * * * * * * * * * * * * * * * * * * * * * * * * * //

dimensions      [0 1 -1 0 0 0 0];

internalField   nonuniform List<vector> 
126
(
(2.35018 0 0)
(2.35019 0 0)
(2.3502 0 0)
(2.35021 0 0)
(2.35021 0 0)
(2.35022 0 0)
(2.35023 0 0)
(2.35024 0 0)
(2.35025 0 0)
(2.35025 0 0)
(2.35026 0 0)
(2.35027 0 0)
(2.35028 0 0)
(2.35029 0 0)
(2.35029 0 0)
(2.3503 0 0)
(2.35031 0 0)
(2.35032 0 0)
(2.35032 0 0)
(2.35033 0 0)
(2.35034 0 0)
(2.35035 0 0)
(2.35035 0 0)
(2.35036 0 0)
(2.35037 0 0)
(2.35037 0 0)
(2.35038 0 0)
(2.35039 0 0)
(2.35039 0 0)
(2.3504 0 0)
(2.35041 0 0)
(2.35041 0 0)
(2.35042 0 0)
(2.35043 0 0)
(2.35043 0 0)
(2.35044 0 0)
(2.35045 0 0)
(2.35045 0 0)
(2.35046 0 0)
(2.35047 0 0)
(2.35047 0 0)
(2.35048 0 0)
(2.35048 0 0)
(2.35049 0 0)
(2.3505 0 0)
(2.3505 0 0)
(2.35051 0 0)
(2.35051 0 0)
(2.35052 0 0)
(2.35053 0 0)
(2.35053 0 0)
(2.35054 0 0)
(2.35054 0 0)
(2.35055 0 0)
(2.35055 0 0)
(2.35056 0 0)
(2.35056 0 0)
(2.35057 0 0)
(2.35057 0 0)
(2.35058 0 0)
(2.35058 0 0)
(2.35059 0 0)
(2.35059 0 0)
(2.3506 0 0)
(2.3506 0 0)
(2.35061 0 0)
(2.35061 0 0)
(2.35061 0 0)
(2.35062 0 0)
(2.35062 0 0)
(2.35063 0 0)
(2.35063 0 0)
(2.35063 0 0)
(2.35064 0 0)
(2.35064 0 0)
(2.35065 0 0)
(2.35065 0 0)
(2.35065 0 0)
(2.35066 0 0)
(2.35066 0 0)
(2.35066 0 0)
(2.35067 0 0)
(2.35067 0 0)
(2.35067 0 0)
(2.35068 0 0)
(2.35068 0 0)
(2.35068 0 0)
(2.35068 0 0)
(2.35069 0 0)
(2.35069 0 0)
(2.35069 0 0)
(2.35069 0 0)
(2.3507 0 0)
(2.3507 0 0)
(2.3507 0 0)
(2.3507 0 0)
(2.3507 0 0)
(2.35071 0 0)
(2.35071 0 0)
(2.35071 0 0)
(2.35071 0 0)
(2.35071 0 0)
(2.35071 0 0)
(2.35071 0 0)
(2.35071 0 0)
(2.35072 0 0)
(2.35072 0 0)
(2.35072 0 0)
(2.35072 0 0)
(2.35072 0 0)
(2.35072 0 0)
(2.35072 0 0)
(2.35072 0 0)
(2.35072 0 0)
(2.35072 0 0)
(2.35072 0 0)
(2.35072 0 0)
(2.35072 0 0)
(2.35072 0 0)
(2.35072 0 0)
(2.35072 0 0)
(2.35072 0 0)
(2.35072 0 0)
(2.35071 0 0)
(2.35071 0 0)
(2.35071 0 0)
)
;

boundaryField
{
    boundary
    {
        type            empty;
    }
    inlet
    {
        type            fixedValue;
        value           nonuniform 0();
    }
    outlet
    {
        type            zeroGradient;
    }
    procBoundary3to1
    {
        type            processor;
        value           uniform (2.35071 0 0);
    }
    procBoundary3to2
    {
        type            processor;
        value           uniform (2.35017 0 0);
    }
}


// ************************************************************************* //
