/*--------------------------------*- C++ -*----------------------------------*\
  =========                 |
  \\      /  F ield         | OpenFOAM: The Open Source CFD Toolbox
   \\    /   O peration     | Website:  https://openfoam.org
    \\  /    A nd           | Version:  7
     \\/     M anipulation  |
\*---------------------------------------------------------------------------*/
FoamFile
{
    version     2.0;
    format      ascii;
    class       volVectorField;
    location    "0.00036";
    object      U;
}
// * * * * * * * * * * * * * * * * * * * * * * * * * * * * * * * * * * * * * //

dimensions      [0 1 -1 0 0 0 0];

internalField   nonuniform List<vector> 
126
(
(2.34006 0 0)
(2.33999 0 0)
(2.33992 0 0)
(2.33985 0 0)
(2.33977 0 0)
(2.3397 0 0)
(2.33962 0 0)
(2.33955 0 0)
(2.33948 0 0)
(2.3394 0 0)
(2.33933 0 0)
(2.33926 0 0)
(2.33918 0 0)
(2.33911 0 0)
(2.33904 0 0)
(2.33896 0 0)
(2.33889 0 0)
(2.33882 0 0)
(2.33874 0 0)
(2.33867 0 0)
(2.33859 0 0)
(2.33852 0 0)
(2.33845 0 0)
(2.33837 0 0)
(2.3383 0 0)
(2.33822 0 0)
(2.33815 0 0)
(2.33808 0 0)
(2.338 0 0)
(2.33793 0 0)
(2.33785 0 0)
(2.33778 0 0)
(2.33771 0 0)
(2.33763 0 0)
(2.33756 0 0)
(2.33748 0 0)
(2.33741 0 0)
(2.33733 0 0)
(2.33726 0 0)
(2.33719 0 0)
(2.33711 0 0)
(2.33704 0 0)
(2.33696 0 0)
(2.33689 0 0)
(2.33681 0 0)
(2.33674 0 0)
(2.33667 0 0)
(2.33659 0 0)
(2.33652 0 0)
(2.33644 0 0)
(2.33637 0 0)
(2.33629 0 0)
(2.33622 0 0)
(2.33615 0 0)
(2.33607 0 0)
(2.336 0 0)
(2.33592 0 0)
(2.33585 0 0)
(2.33577 0 0)
(2.3357 0 0)
(2.33563 0 0)
(2.33555 0 0)
(2.33548 0 0)
(2.3354 0 0)
(2.33533 0 0)
(2.33525 0 0)
(2.33518 0 0)
(2.33511 0 0)
(2.33503 0 0)
(2.33496 0 0)
(2.33488 0 0)
(2.33481 0 0)
(2.33473 0 0)
(2.33466 0 0)
(2.33458 0 0)
(2.33451 0 0)
(2.33444 0 0)
(2.33436 0 0)
(2.33429 0 0)
(2.33421 0 0)
(2.33414 0 0)
(2.33406 0 0)
(2.33399 0 0)
(2.33391 0 0)
(2.33384 0 0)
(2.33376 0 0)
(2.33369 0 0)
(2.33362 0 0)
(2.33354 0 0)
(2.33347 0 0)
(2.33339 0 0)
(2.33332 0 0)
(2.33324 0 0)
(2.33317 0 0)
(2.33309 0 0)
(2.33302 0 0)
(2.33294 0 0)
(2.33287 0 0)
(2.33279 0 0)
(2.33272 0 0)
(2.33264 0 0)
(2.33257 0 0)
(2.33249 0 0)
(2.33242 0 0)
(2.33234 0 0)
(2.33226 0 0)
(2.33219 0 0)
(2.33211 0 0)
(2.33204 0 0)
(2.33196 0 0)
(2.33189 0 0)
(2.33181 0 0)
(2.33174 0 0)
(2.33166 0 0)
(2.33159 0 0)
(2.33151 0 0)
(2.33144 0 0)
(2.33136 0 0)
(2.33129 0 0)
(2.33121 0 0)
(2.33114 0 0)
(2.33106 0 0)
(2.33099 0 0)
(2.33091 0 0)
(2.33084 0 0)
(2.33076 0 0)
)
;

boundaryField
{
    boundary
    {
        type            empty;
    }
    inlet
    {
        type            fixedValue;
        value           nonuniform 0();
    }
    outlet
    {
        type            zeroGradient;
    }
    procBoundary3to1
    {
        type            processor;
        value           uniform (2.33069 0 0);
    }
    procBoundary3to2
    {
        type            processor;
        value           uniform (2.34014 0 0);
    }
}


// ************************************************************************* //
