/*--------------------------------*- C++ -*----------------------------------*\
  =========                 |
  \\      /  F ield         | OpenFOAM: The Open Source CFD Toolbox
   \\    /   O peration     | Website:  https://openfoam.org
    \\  /    A nd           | Version:  7
     \\/     M anipulation  |
\*---------------------------------------------------------------------------*/
FoamFile
{
    version     2.0;
    format      ascii;
    class       volVectorField;
    location    "0.00072";
    object      U;
}
// * * * * * * * * * * * * * * * * * * * * * * * * * * * * * * * * * * * * * //

dimensions      [0 1 -1 0 0 0 0];

internalField   nonuniform List<vector> 
126
(
(2.34968 0 0)
(2.34968 0 0)
(2.34968 0 0)
(2.34969 0 0)
(2.34969 0 0)
(2.34969 0 0)
(2.3497 0 0)
(2.3497 0 0)
(2.3497 0 0)
(2.3497 0 0)
(2.34971 0 0)
(2.34971 0 0)
(2.34971 0 0)
(2.34972 0 0)
(2.34972 0 0)
(2.34972 0 0)
(2.34973 0 0)
(2.34973 0 0)
(2.34973 0 0)
(2.34974 0 0)
(2.34974 0 0)
(2.34974 0 0)
(2.34975 0 0)
(2.34975 0 0)
(2.34975 0 0)
(2.34976 0 0)
(2.34976 0 0)
(2.34976 0 0)
(2.34976 0 0)
(2.34977 0 0)
(2.34977 0 0)
(2.34977 0 0)
(2.34977 0 0)
(2.34978 0 0)
(2.34978 0 0)
(2.34978 0 0)
(2.34979 0 0)
(2.34979 0 0)
(2.34979 0 0)
(2.34979 0 0)
(2.3498 0 0)
(2.3498 0 0)
(2.3498 0 0)
(2.3498 0 0)
(2.34981 0 0)
(2.34981 0 0)
(2.34981 0 0)
(2.34981 0 0)
(2.34981 0 0)
(2.34982 0 0)
(2.34982 0 0)
(2.34982 0 0)
(2.34982 0 0)
(2.34983 0 0)
(2.34983 0 0)
(2.34983 0 0)
(2.34983 0 0)
(2.34983 0 0)
(2.34983 0 0)
(2.34984 0 0)
(2.34984 0 0)
(2.34984 0 0)
(2.34984 0 0)
(2.34984 0 0)
(2.34985 0 0)
(2.34985 0 0)
(2.34985 0 0)
(2.34985 0 0)
(2.34985 0 0)
(2.34985 0 0)
(2.34985 0 0)
(2.34986 0 0)
(2.34986 0 0)
(2.34986 0 0)
(2.34986 0 0)
(2.34986 0 0)
(2.34986 0 0)
(2.34986 0 0)
(2.34986 0 0)
(2.34986 0 0)
(2.34986 0 0)
(2.34987 0 0)
(2.34987 0 0)
(2.34987 0 0)
(2.34987 0 0)
(2.34987 0 0)
(2.34987 0 0)
(2.34987 0 0)
(2.34987 0 0)
(2.34987 0 0)
(2.34987 0 0)
(2.34987 0 0)
(2.34987 0 0)
(2.34987 0 0)
(2.34987 0 0)
(2.34987 0 0)
(2.34987 0 0)
(2.34987 0 0)
(2.34987 0 0)
(2.34987 0 0)
(2.34987 0 0)
(2.34987 0 0)
(2.34987 0 0)
(2.34987 0 0)
(2.34987 0 0)
(2.34986 0 0)
(2.34986 0 0)
(2.34986 0 0)
(2.34986 0 0)
(2.34986 0 0)
(2.34986 0 0)
(2.34986 0 0)
(2.34986 0 0)
(2.34986 0 0)
(2.34986 0 0)
(2.34986 0 0)
(2.34986 0 0)
(2.34986 0 0)
(2.34985 0 0)
(2.34985 0 0)
(2.34985 0 0)
(2.34985 0 0)
(2.34985 0 0)
(2.34985 0 0)
(2.34985 0 0)
(2.34985 0 0)
)
;

boundaryField
{
    boundary
    {
        type            empty;
    }
    inlet
    {
        type            fixedValue;
        value           nonuniform 0();
    }
    outlet
    {
        type            zeroGradient;
    }
    procBoundary3to1
    {
        type            processor;
        value           uniform (2.34985 0 0);
    }
    procBoundary3to2
    {
        type            processor;
        value           uniform (2.34967 0 0);
    }
}


// ************************************************************************* //
