/*--------------------------------*- C++ -*----------------------------------*\
  =========                 |
  \\      /  F ield         | OpenFOAM: The Open Source CFD Toolbox
   \\    /   O peration     | Website:  https://openfoam.org
    \\  /    A nd           | Version:  7
     \\/     M anipulation  |
\*---------------------------------------------------------------------------*/
FoamFile
{
    version     2.0;
    format      ascii;
    class       volScalarField;
    location    "9e-05";
    object      p;
}
// * * * * * * * * * * * * * * * * * * * * * * * * * * * * * * * * * * * * * //

dimensions      [1 -1 -2 0 0 0 0];

internalField   nonuniform List<scalar> 
500
(
102892
102892
102892
102892
102891
102891
102891
102891
102891
102891
102891
102891
102891
102891
102891
102891
102891
102891
102891
102891
102891
102891
102891
102891
102891
102891
102891
102891
102890
102890
102890
102890
102890
102890
102890
102890
102890
102890
102890
102889
102889
102889
102889
102889
102889
102889
102889
102889
102888
102888
102888
102888
102888
102888
102888
102888
102887
102887
102887
102887
102887
102887
102887
102886
102886
102886
102886
102886
102886
102885
102885
102885
102885
102885
102885
102884
102884
102884
102884
102884
102883
102883
102883
102883
102883
102883
102882
102882
102882
102882
102882
102881
102881
102881
102881
102881
102880
102880
102880
102880
102880
102879
102879
102879
102879
102879
102878
102878
102878
102878
102878
102877
102877
102877
102877
102877
102876
102876
102876
102876
102876
102876
102875
102875
102875
102875
102875
102875
102874
102874
102874
102874
102874
102874
102873
102873
102873
102873
102873
102873
102873
102872
102872
102872
102872
102872
102872
102872
102872
102872
102872
102871
102871
102871
102871
102871
102871
102871
102871
102871
102871
102871
102871
102871
102871
102871
102871
102871
102871
102871
102871
102871
102871
102871
102871
102871
102871
102871
102871
102871
102871
102871
102871
102871
102871
102871
102871
102872
102872
102872
102872
102872
102872
102872
102872
102872
102873
102873
102873
102873
102873
102873
102873
102874
102874
102874
102874
102874
102874
102875
102875
102875
102875
102876
102876
102876
102876
102876
102877
102877
102877
102877
102878
102878
102878
102879
102879
102879
102879
102880
102880
102880
102881
102881
102881
102882
102882
102882
102883
102883
102884
102884
102884
102885
102885
102885
102886
102886
102886
102887
102887
102888
102888
102888
102889
102889
102890
102890
102890
102891
102891
102892
102892
102892
102893
102893
102894
102894
102894
102895
102895
102896
102896
102896
102897
102897
102897
102898
102898
102898
102897
102896
102894
102892
102890
102888
102886
102885
102883
102882
102882
102881
102880
102880
102880
102879
102879
102879
102879
102878
102878
102878
102878
102878
102878
102877
102877
102877
102877
102877
102877
102877
102877
102877
102877
102877
102877
102877
102877
102876
102876
102876
102876
102876
102876
102876
102876
102876
102876
102876
102876
102876
102876
102876
102876
102876
102876
102875
102875
102875
102875
102875
102875
102875
102875
102875
102875
102875
102875
102875
102875
102875
102875
102874
102874
102874
102874
102874
102874
102874
102874
102874
102874
102874
102874
102874
102873
102873
102873
102873
102873
102873
102873
102873
102873
102873
102873
102872
102872
102872
102872
102872
102872
102872
102872
102872
102872
102871
102871
102871
102871
102871
102871
102871
102871
102871
102870
102870
102870
102870
102870
102870
102870
102870
102869
102869
102869
102869
102869
102869
102869
102869
102868
102868
102868
102868
102868
102868
102868
102867
102867
102867
102867
102867
102867
102866
102866
102866
102866
102866
102866
102865
102865
102865
102865
102865
102865
102864
102864
102864
102864
102864
102863
102863
102863
102863
102863
102862
102862
102862
102862
102862
102861
102861
102861
102861
102860
102860
102860
102860
102859
102859
102859
102859
102858
102858
102858
102858
102857
102857
102857
102857
102856
102856
102856
102855
102855
102855
102854
102854
102854
102854
102853
102853
102853
102852
102852
102852
102851
102851
102851
102850
102850
102849
102849
102849
102848
102848
102848
102847
)
;

boundaryField
{
    boundary
    {
        type            empty;
    }
    inlet
    {
        type            zeroGradient;
    }
    outlet
    {
        type            waveTransmissive;
        gamma           1.4;
        value           uniform 102847;
    }
}


// ************************************************************************* //
