/*--------------------------------*- C++ -*----------------------------------*\
  =========                 |
  \\      /  F ield         | OpenFOAM: The Open Source CFD Toolbox
   \\    /   O peration     | Website:  https://openfoam.org
    \\  /    A nd           | Version:  7
     \\/     M anipulation  |
\*---------------------------------------------------------------------------*/
FoamFile
{
    version     2.0;
    format      ascii;
    class       volVectorField;
    location    "0.00081";
    object      U;
}
// * * * * * * * * * * * * * * * * * * * * * * * * * * * * * * * * * * * * * //

dimensions      [0 1 -1 0 0 0 0];

internalField   nonuniform List<vector> 
126
(
(2.34684 0 0)
(2.34682 0 0)
(2.34681 0 0)
(2.34679 0 0)
(2.34677 0 0)
(2.34676 0 0)
(2.34674 0 0)
(2.34672 0 0)
(2.3467 0 0)
(2.34669 0 0)
(2.34667 0 0)
(2.34665 0 0)
(2.34664 0 0)
(2.34662 0 0)
(2.3466 0 0)
(2.34658 0 0)
(2.34656 0 0)
(2.34655 0 0)
(2.34653 0 0)
(2.34651 0 0)
(2.3465 0 0)
(2.34648 0 0)
(2.34646 0 0)
(2.34644 0 0)
(2.34643 0 0)
(2.34641 0 0)
(2.34639 0 0)
(2.34637 0 0)
(2.34636 0 0)
(2.34634 0 0)
(2.34632 0 0)
(2.3463 0 0)
(2.34628 0 0)
(2.34627 0 0)
(2.34625 0 0)
(2.34623 0 0)
(2.34621 0 0)
(2.3462 0 0)
(2.34618 0 0)
(2.34616 0 0)
(2.34614 0 0)
(2.34612 0 0)
(2.34611 0 0)
(2.34609 0 0)
(2.34607 0 0)
(2.34605 0 0)
(2.34604 0 0)
(2.34602 0 0)
(2.346 0 0)
(2.34598 0 0)
(2.34596 0 0)
(2.34595 0 0)
(2.34593 0 0)
(2.34591 0 0)
(2.34589 0 0)
(2.34587 0 0)
(2.34586 0 0)
(2.34584 0 0)
(2.34582 0 0)
(2.3458 0 0)
(2.34578 0 0)
(2.34576 0 0)
(2.34575 0 0)
(2.34573 0 0)
(2.34571 0 0)
(2.34569 0 0)
(2.34567 0 0)
(2.34565 0 0)
(2.34564 0 0)
(2.34562 0 0)
(2.3456 0 0)
(2.34558 0 0)
(2.34556 0 0)
(2.34554 0 0)
(2.34553 0 0)
(2.34551 0 0)
(2.34549 0 0)
(2.34547 0 0)
(2.34545 0 0)
(2.34543 0 0)
(2.34541 0 0)
(2.34539 0 0)
(2.34538 0 0)
(2.34536 0 0)
(2.34534 0 0)
(2.34532 0 0)
(2.3453 0 0)
(2.34528 0 0)
(2.34526 0 0)
(2.34524 0 0)
(2.34523 0 0)
(2.34521 0 0)
(2.34519 0 0)
(2.34517 0 0)
(2.34515 0 0)
(2.34513 0 0)
(2.34511 0 0)
(2.34509 0 0)
(2.34507 0 0)
(2.34505 0 0)
(2.34503 0 0)
(2.34502 0 0)
(2.345 0 0)
(2.34498 0 0)
(2.34496 0 0)
(2.34494 0 0)
(2.34492 0 0)
(2.3449 0 0)
(2.34488 0 0)
(2.34486 0 0)
(2.34484 0 0)
(2.34482 0 0)
(2.3448 0 0)
(2.34478 0 0)
(2.34476 0 0)
(2.34474 0 0)
(2.34472 0 0)
(2.3447 0 0)
(2.34468 0 0)
(2.34466 0 0)
(2.34464 0 0)
(2.34462 0 0)
(2.3446 0 0)
(2.34458 0 0)
(2.34456 0 0)
(2.34454 0 0)
)
;

boundaryField
{
    boundary
    {
        type            empty;
    }
    inlet
    {
        type            fixedValue;
        value           nonuniform 0();
    }
    outlet
    {
        type            zeroGradient;
    }
    procBoundary3to1
    {
        type            processor;
        value           uniform (2.34452 0 0);
    }
    procBoundary3to2
    {
        type            processor;
        value           uniform (2.34686 0 0);
    }
}


// ************************************************************************* //
