/*--------------------------------*- C++ -*----------------------------------*\
  =========                 |
  \\      /  F ield         | OpenFOAM: The Open Source CFD Toolbox
   \\    /   O peration     | Website:  https://openfoam.org
    \\  /    A nd           | Version:  7
     \\/     M anipulation  |
\*---------------------------------------------------------------------------*/
FoamFile
{
    version     2.0;
    format      ascii;
    class       volVectorField;
    location    "0.00011";
    object      U;
}
// * * * * * * * * * * * * * * * * * * * * * * * * * * * * * * * * * * * * * //

dimensions      [0 1 -1 0 0 0 0];

internalField   nonuniform List<vector> 
125
(
(2.34854 0 0)
(2.34761 0 0)
(2.34686 0 0)
(2.34603 0 0)
(2.34503 0 0)
(2.34399 0 0)
(2.3429 0 0)
(2.3417 0 0)
(2.34042 0 0)
(2.33913 0 0)
(2.33785 0 0)
(2.3366 0 0)
(2.33539 0 0)
(2.3342 0 0)
(2.33305 0 0)
(2.33192 0 0)
(2.33081 0 0)
(2.32971 0 0)
(2.32862 0 0)
(2.32753 0 0)
(2.32645 0 0)
(2.32537 0 0)
(2.32429 0 0)
(2.32321 0 0)
(2.32213 0 0)
(2.32105 0 0)
(2.31998 0 0)
(2.3189 0 0)
(2.31783 0 0)
(2.31676 0 0)
(2.31568 0 0)
(2.31461 0 0)
(2.31354 0 0)
(2.31248 0 0)
(2.31141 0 0)
(2.31034 0 0)
(2.30928 0 0)
(2.30821 0 0)
(2.30715 0 0)
(2.30609 0 0)
(2.30503 0 0)
(2.30398 0 0)
(2.30292 0 0)
(2.30187 0 0)
(2.30082 0 0)
(2.29977 0 0)
(2.29872 0 0)
(2.29768 0 0)
(2.29663 0 0)
(2.29559 0 0)
(2.29455 0 0)
(2.29351 0 0)
(2.29248 0 0)
(2.29145 0 0)
(2.29042 0 0)
(2.28939 0 0)
(2.28836 0 0)
(2.28734 0 0)
(2.28632 0 0)
(2.2853 0 0)
(2.28429 0 0)
(2.28328 0 0)
(2.28227 0 0)
(2.28126 0 0)
(2.28026 0 0)
(2.27926 0 0)
(2.27826 0 0)
(2.27727 0 0)
(2.27628 0 0)
(2.27529 0 0)
(2.27431 0 0)
(2.27333 0 0)
(2.27235 0 0)
(2.27138 0 0)
(2.27041 0 0)
(2.26945 0 0)
(2.26849 0 0)
(2.26753 0 0)
(2.26658 0 0)
(2.26563 0 0)
(2.26468 0 0)
(2.26374 0 0)
(2.26281 0 0)
(2.26187 0 0)
(2.26095 0 0)
(2.26002 0 0)
(2.2591 0 0)
(2.25819 0 0)
(2.25728 0 0)
(2.25638 0 0)
(2.25548 0 0)
(2.25458 0 0)
(2.25369 0 0)
(2.25281 0 0)
(2.25193 0 0)
(2.25105 0 0)
(2.25018 0 0)
(2.24932 0 0)
(2.24846 0 0)
(2.24761 0 0)
(2.24676 0 0)
(2.24592 0 0)
(2.24509 0 0)
(2.24426 0 0)
(2.24344 0 0)
(2.24262 0 0)
(2.24181 0 0)
(2.241 0 0)
(2.2402 0 0)
(2.23941 0 0)
(2.23862 0 0)
(2.23784 0 0)
(2.23707 0 0)
(2.2363 0 0)
(2.23554 0 0)
(2.23479 0 0)
(2.23404 0 0)
(2.2333 0 0)
(2.23257 0 0)
(2.23184 0 0)
(2.23112 0 0)
(2.23041 0 0)
(2.2297 0 0)
(2.22901 0 0)
(2.2283 0 0)
)
;

boundaryField
{
    boundary
    {
        type            empty;
    }
    inlet
    {
        type            fixedValue;
        value           uniform (2.34893 0 0);
    }
    outlet
    {
        type            zeroGradient;
    }
    procBoundary2to3
    {
        type            processor;
        value           uniform (2.22761 0 0);
    }
}


// ************************************************************************* //
