/*--------------------------------*- C++ -*----------------------------------*\
  =========                 |
  \\      /  F ield         | OpenFOAM: The Open Source CFD Toolbox
   \\    /   O peration     | Website:  https://openfoam.org
    \\  /    A nd           | Version:  7
     \\/     M anipulation  |
\*---------------------------------------------------------------------------*/
FoamFile
{
    version     2.0;
    format      ascii;
    class       volVectorField;
    location    "0.00043";
    object      U;
}
// * * * * * * * * * * * * * * * * * * * * * * * * * * * * * * * * * * * * * //

dimensions      [0 1 -1 0 0 0 0];

internalField   nonuniform List<vector> 
125
(
(2.34892 0 0)
(2.34885 0 0)
(2.34877 0 0)
(2.34869 0 0)
(2.34862 0 0)
(2.34855 0 0)
(2.34848 0 0)
(2.34841 0 0)
(2.34835 0 0)
(2.34828 0 0)
(2.34822 0 0)
(2.34817 0 0)
(2.34811 0 0)
(2.34806 0 0)
(2.34802 0 0)
(2.34797 0 0)
(2.34794 0 0)
(2.3479 0 0)
(2.34787 0 0)
(2.34784 0 0)
(2.34781 0 0)
(2.34778 0 0)
(2.34775 0 0)
(2.34772 0 0)
(2.34768 0 0)
(2.34763 0 0)
(2.34758 0 0)
(2.34752 0 0)
(2.34745 0 0)
(2.34737 0 0)
(2.34728 0 0)
(2.34718 0 0)
(2.34708 0 0)
(2.34697 0 0)
(2.34686 0 0)
(2.34674 0 0)
(2.34663 0 0)
(2.34651 0 0)
(2.34639 0 0)
(2.34628 0 0)
(2.34617 0 0)
(2.34606 0 0)
(2.34595 0 0)
(2.34585 0 0)
(2.34576 0 0)
(2.34566 0 0)
(2.34557 0 0)
(2.34549 0 0)
(2.3454 0 0)
(2.34532 0 0)
(2.34524 0 0)
(2.34516 0 0)
(2.34508 0 0)
(2.345 0 0)
(2.34493 0 0)
(2.34485 0 0)
(2.34478 0 0)
(2.3447 0 0)
(2.34463 0 0)
(2.34455 0 0)
(2.34448 0 0)
(2.34441 0 0)
(2.34433 0 0)
(2.34426 0 0)
(2.34418 0 0)
(2.34411 0 0)
(2.34403 0 0)
(2.34396 0 0)
(2.34389 0 0)
(2.34381 0 0)
(2.34374 0 0)
(2.34366 0 0)
(2.34359 0 0)
(2.34351 0 0)
(2.34344 0 0)
(2.34336 0 0)
(2.34329 0 0)
(2.34321 0 0)
(2.34314 0 0)
(2.34306 0 0)
(2.34299 0 0)
(2.34291 0 0)
(2.34284 0 0)
(2.34276 0 0)
(2.34269 0 0)
(2.34261 0 0)
(2.34254 0 0)
(2.34246 0 0)
(2.34239 0 0)
(2.34231 0 0)
(2.34224 0 0)
(2.34216 0 0)
(2.34208 0 0)
(2.34201 0 0)
(2.34193 0 0)
(2.34186 0 0)
(2.34178 0 0)
(2.3417 0 0)
(2.34163 0 0)
(2.34155 0 0)
(2.34147 0 0)
(2.3414 0 0)
(2.34132 0 0)
(2.34124 0 0)
(2.34117 0 0)
(2.34109 0 0)
(2.34101 0 0)
(2.34094 0 0)
(2.34086 0 0)
(2.34078 0 0)
(2.3407 0 0)
(2.34062 0 0)
(2.34055 0 0)
(2.34047 0 0)
(2.34039 0 0)
(2.34031 0 0)
(2.34023 0 0)
(2.34016 0 0)
(2.34008 0 0)
(2.34 0 0)
(2.33992 0 0)
(2.33984 0 0)
(2.33976 0 0)
(2.33968 0 0)
(2.3396 0 0)
)
;

boundaryField
{
    boundary
    {
        type            empty;
    }
    inlet
    {
        type            fixedValue;
        value           uniform (2.34893 0 0);
    }
    outlet
    {
        type            zeroGradient;
    }
    procBoundary2to3
    {
        type            processor;
        value           uniform (2.33952 0 0);
    }
}


// ************************************************************************* //
