/*--------------------------------*- C++ -*----------------------------------*\
  =========                 |
  \\      /  F ield         | OpenFOAM: The Open Source CFD Toolbox
   \\    /   O peration     | Website:  https://openfoam.org
    \\  /    A nd           | Version:  7
     \\/     M anipulation  |
\*---------------------------------------------------------------------------*/
FoamFile
{
    version     2.0;
    format      ascii;
    class       volVectorField;
    location    "0.00068";
    object      U;
}
// * * * * * * * * * * * * * * * * * * * * * * * * * * * * * * * * * * * * * //

dimensions      [0 1 -1 0 0 0 0];

internalField   nonuniform List<vector> 
125
(
(2.34894 0 0)
(2.34895 0 0)
(2.34897 0 0)
(2.34901 0 0)
(2.34904 0 0)
(2.34907 0 0)
(2.34911 0 0)
(2.34915 0 0)
(2.34919 0 0)
(2.34923 0 0)
(2.34927 0 0)
(2.34932 0 0)
(2.34936 0 0)
(2.3494 0 0)
(2.34944 0 0)
(2.34948 0 0)
(2.34952 0 0)
(2.34955 0 0)
(2.34959 0 0)
(2.34963 0 0)
(2.34967 0 0)
(2.3497 0 0)
(2.34974 0 0)
(2.34978 0 0)
(2.34982 0 0)
(2.34987 0 0)
(2.34991 0 0)
(2.34996 0 0)
(2.35001 0 0)
(2.35006 0 0)
(2.35011 0 0)
(2.35016 0 0)
(2.35022 0 0)
(2.35027 0 0)
(2.35033 0 0)
(2.35039 0 0)
(2.35045 0 0)
(2.35051 0 0)
(2.35057 0 0)
(2.35062 0 0)
(2.35068 0 0)
(2.35073 0 0)
(2.35078 0 0)
(2.35082 0 0)
(2.35086 0 0)
(2.3509 0 0)
(2.35093 0 0)
(2.35096 0 0)
(2.35098 0 0)
(2.351 0 0)
(2.35102 0 0)
(2.35103 0 0)
(2.35104 0 0)
(2.35105 0 0)
(2.35105 0 0)
(2.35106 0 0)
(2.35106 0 0)
(2.35106 0 0)
(2.35107 0 0)
(2.35107 0 0)
(2.35107 0 0)
(2.35108 0 0)
(2.35109 0 0)
(2.3511 0 0)
(2.35111 0 0)
(2.35113 0 0)
(2.35114 0 0)
(2.35116 0 0)
(2.35118 0 0)
(2.3512 0 0)
(2.35122 0 0)
(2.35124 0 0)
(2.35127 0 0)
(2.35129 0 0)
(2.35132 0 0)
(2.35135 0 0)
(2.35138 0 0)
(2.3514 0 0)
(2.35143 0 0)
(2.35146 0 0)
(2.35149 0 0)
(2.35152 0 0)
(2.35155 0 0)
(2.35158 0 0)
(2.35161 0 0)
(2.35164 0 0)
(2.35167 0 0)
(2.3517 0 0)
(2.35173 0 0)
(2.35177 0 0)
(2.3518 0 0)
(2.35183 0 0)
(2.35186 0 0)
(2.35189 0 0)
(2.35192 0 0)
(2.35195 0 0)
(2.35198 0 0)
(2.35201 0 0)
(2.35204 0 0)
(2.35207 0 0)
(2.3521 0 0)
(2.35214 0 0)
(2.35217 0 0)
(2.3522 0 0)
(2.35223 0 0)
(2.35226 0 0)
(2.35229 0 0)
(2.35232 0 0)
(2.35235 0 0)
(2.35238 0 0)
(2.35242 0 0)
(2.35245 0 0)
(2.35248 0 0)
(2.35251 0 0)
(2.35254 0 0)
(2.35257 0 0)
(2.3526 0 0)
(2.35263 0 0)
(2.35267 0 0)
(2.3527 0 0)
(2.35273 0 0)
(2.35276 0 0)
(2.35279 0 0)
(2.35282 0 0)
(2.35286 0 0)
)
;

boundaryField
{
    boundary
    {
        type            empty;
    }
    inlet
    {
        type            fixedValue;
        value           uniform (2.34893 0 0);
    }
    outlet
    {
        type            zeroGradient;
    }
    procBoundary2to3
    {
        type            processor;
        value           uniform (2.35289 0 0);
    }
}


// ************************************************************************* //
