/*--------------------------------*- C++ -*----------------------------------*\
  =========                 |
  \\      /  F ield         | OpenFOAM: The Open Source CFD Toolbox
   \\    /   O peration     | Website:  https://openfoam.org
    \\  /    A nd           | Version:  7
     \\/     M anipulation  |
\*---------------------------------------------------------------------------*/
FoamFile
{
    version     2.0;
    format      ascii;
    class       volVectorField;
    location    "0.0005";
    object      U;
}
// * * * * * * * * * * * * * * * * * * * * * * * * * * * * * * * * * * * * * //

dimensions      [0 1 -1 0 0 0 0];

internalField   nonuniform List<vector> 
125
(
(2.33486 0 0)
(2.33482 0 0)
(2.33478 0 0)
(2.33474 0 0)
(2.33469 0 0)
(2.33465 0 0)
(2.3346 0 0)
(2.33456 0 0)
(2.33451 0 0)
(2.33447 0 0)
(2.33443 0 0)
(2.33438 0 0)
(2.33434 0 0)
(2.3343 0 0)
(2.33425 0 0)
(2.33421 0 0)
(2.33417 0 0)
(2.33413 0 0)
(2.33418 0 0)
(2.33444 0 0)
(2.33542 0 0)
(2.33867 0 0)
(2.34843 0 0)
(2.3751 0 0)
(2.44153 0 0)
(2.59768 0 0)
(2.94129 0 0)
(3.64335 0 0)
(4.72115 0 0)
(5.9582 0 0)
(7.15061 0 0)
(8.21604 0 0)
(9.13642 0 0)
(9.90892 0 0)
(10.5511 0 0)
(11.0845 0 0)
(11.5147 0 0)
(11.855 0 0)
(12.1333 0 0)
(12.3712 0 0)
(12.5791 0 0)
(12.7628 0 0)
(12.9263 0 0)
(13.0735 0 0)
(13.2068 0 0)
(13.3286 0 0)
(13.4405 0 0)
(13.5437 0 0)
(13.6393 0 0)
(13.7284 0 0)
(13.8115 0 0)
(13.8894 0 0)
(13.9626 0 0)
(14.0315 0 0)
(14.0966 0 0)
(14.1581 0 0)
(14.2165 0 0)
(14.2719 0 0)
(14.3246 0 0)
(14.3747 0 0)
(14.4224 0 0)
(14.4667 0 0)
(14.5082 0 0)
(14.5483 0 0)
(14.5871 0 0)
(14.6245 0 0)
(14.6606 0 0)
(14.6956 0 0)
(14.7295 0 0)
(14.7623 0 0)
(14.7941 0 0)
(14.8249 0 0)
(14.8549 0 0)
(14.884 0 0)
(14.9122 0 0)
(14.9397 0 0)
(14.9665 0 0)
(14.9925 0 0)
(15.0179 0 0)
(15.0426 0 0)
(15.0667 0 0)
(15.0902 0 0)
(15.1131 0 0)
(15.1355 0 0)
(15.1573 0 0)
(15.1787 0 0)
(15.1995 0 0)
(15.2199 0 0)
(15.2399 0 0)
(15.2594 0 0)
(15.2785 0 0)
(15.2972 0 0)
(15.3155 0 0)
(15.3335 0 0)
(15.351 0 0)
(15.3683 0 0)
(15.3852 0 0)
(15.4017 0 0)
(15.418 0 0)
(15.4339 0 0)
(15.4496 0 0)
(15.4649 0 0)
(15.48 0 0)
(15.4948 0 0)
(15.5094 0 0)
(15.5237 0 0)
(15.5377 0 0)
(15.5515 0 0)
(15.5651 0 0)
(15.5784 0 0)
(15.5916 0 0)
(15.6045 0 0)
(15.6172 0 0)
(15.6297 0 0)
(15.642 0 0)
(15.6541 0 0)
(15.6661 0 0)
(15.6778 0 0)
(15.6894 0 0)
(15.7008 0 0)
(15.7121 0 0)
(15.7231 0 0)
(15.7341 0 0)
(15.7448 0 0)
(15.7554 0 0)
)
;

boundaryField
{
    boundary
    {
        type            empty;
    }
    inlet
    {
        type            fixedValue;
        value           nonuniform 0();
    }
    outlet
    {
        type            zeroGradient;
    }
    procBoundary1to0
    {
        type            processor;
        value           uniform (15.7658 0 0);
    }
    procBoundary1to3
    {
        type            processor;
        value           uniform (2.33491 0 0);
    }
}


// ************************************************************************* //
