/*--------------------------------*- C++ -*----------------------------------*\
  =========                 |
  \\      /  F ield         | OpenFOAM: The Open Source CFD Toolbox
   \\    /   O peration     | Website:  https://openfoam.org
    \\  /    A nd           | Version:  7
     \\/     M anipulation  |
\*---------------------------------------------------------------------------*/
FoamFile
{
    version     2.0;
    format      ascii;
    class       volScalarField;
    location    "0.00034";
    object      p;
}
// * * * * * * * * * * * * * * * * * * * * * * * * * * * * * * * * * * * * * //

dimensions      [1 -1 -2 0 0 0 0];

internalField   nonuniform List<scalar> 
500
(
103157
103157
103157
103157
103157
103157
103157
103157
103157
103157
103157
103157
103157
103157
103157
103157
103157
103157
103157
103157
103157
103157
103157
103157
103157
103157
103157
103157
103157
103157
103157
103157
103157
103157
103157
103157
103157
103157
103157
103157
103157
103157
103157
103157
103157
103157
103157
103157
103157
103157
103157
103157
103157
103157
103157
103157
103157
103157
103157
103157
103157
103157
103157
103157
103157
103157
103157
103157
103157
103156
103156
103156
103156
103156
103156
103156
103156
103156
103156
103156
103156
103156
103156
103156
103156
103156
103156
103156
103156
103156
103156
103156
103156
103156
103156
103156
103156
103156
103156
103156
103156
103156
103156
103156
103156
103156
103156
103156
103156
103156
103156
103156
103156
103156
103156
103156
103156
103156
103156
103156
103156
103156
103156
103156
103156
103156
103156
103156
103156
103156
103156
103156
103156
103156
103156
103156
103156
103156
103156
103156
103156
103156
103156
103156
103156
103156
103156
103156
103156
103156
103156
103156
103156
103156
103156
103156
103156
103156
103156
103156
103156
103156
103156
103156
103156
103156
103156
103156
103156
103156
103156
103156
103156
103156
103156
103156
103156
103156
103156
103156
103156
103156
103156
103156
103156
103156
103156
103156
103156
103156
103156
103156
103156
103156
103156
103156
103156
103156
103156
103156
103156
103156
103156
103156
103156
103156
103156
103156
103156
103156
103156
103156
103156
103156
103156
103156
103156
103156
103156
103156
103156
103156
103156
103156
103156
103156
103156
103156
103156
103156
103156
103156
103156
103156
103156
103156
103156
103156
103156
103156
103156
103156
103156
103156
103156
103156
103156
103156
103156
103156
103156
103156
103156
103156
103156
103156
103156
103156
103156
103156
103156
103156
103156
103156
103156
103156
103156
103156
103156
103156
103156
103156
103156
103156
103156
103156
103156
103156
103155
103154
103152
103150
103147
103145
103143
103141
103139
103138
103137
103136
103136
103135
103135
103134
103134
103133
103133
103133
103133
103132
103132
103132
103132
103132
103131
103131
103131
103131
103131
103131
103131
103130
103130
103130
103130
103130
103130
103130
103130
103130
103130
103130
103130
103129
103129
103129
103129
103129
103129
103129
103129
103129
103129
103129
103129
103129
103129
103129
103129
103129
103129
103128
103128
103128
103128
103128
103128
103128
103128
103128
103128
103128
103128
103128
103128
103128
103128
103128
103128
103128
103128
103128
103128
103128
103128
103128
103128
103128
103128
103128
103128
103127
103127
103127
103127
103127
103127
103127
103127
103127
103127
103127
103127
103127
103127
103127
103127
103127
103127
103127
103127
103127
103127
103127
103127
103127
103127
103127
103127
103127
103127
103127
103127
103127
103127
103127
103127
103127
103127
103127
103127
103127
103127
103127
103127
103127
103127
103127
103127
103127
103127
103127
103127
103126
103126
103126
103126
103126
103126
103126
103126
103126
103126
103126
103126
103126
103126
103126
103126
103126
103126
103126
103126
103126
103126
103126
103126
103126
103126
103126
103126
103126
103126
103126
103126
103126
103126
103126
103126
103126
103126
103126
103126
103126
103126
103126
103126
103126
103126
103126
103126
103126
103126
103126
103126
103126
103126
103126
103126
103126
103126
103126
103126
103126
103126
103126
103126
103125
103125
103125
103125
103125
103125
103125
103125
103125
103125
103125
103125
103125
)
;

boundaryField
{
    boundary
    {
        type            empty;
    }
    inlet
    {
        type            zeroGradient;
    }
    outlet
    {
        type            waveTransmissive;
        gamma           1.4;
        value           uniform 103125;
    }
}


// ************************************************************************* //
