/*--------------------------------*- C++ -*----------------------------------*\
  =========                 |
  \\      /  F ield         | OpenFOAM: The Open Source CFD Toolbox
   \\    /   O peration     | Website:  https://openfoam.org
    \\  /    A nd           | Version:  7
     \\/     M anipulation  |
\*---------------------------------------------------------------------------*/
FoamFile
{
    version     2.0;
    format      ascii;
    class       volVectorField;
    location    "0.00023";
    object      U;
}
// * * * * * * * * * * * * * * * * * * * * * * * * * * * * * * * * * * * * * //

dimensions      [0 1 -1 0 0 0 0];

internalField   nonuniform List<vector> 
125
(
(2.30878 0 0)
(2.30863 0 0)
(2.30847 0 0)
(2.3083 0 0)
(2.30813 0 0)
(2.30797 0 0)
(2.3078 0 0)
(2.30764 0 0)
(2.30747 0 0)
(2.30731 0 0)
(2.30714 0 0)
(2.30698 0 0)
(2.30682 0 0)
(2.30665 0 0)
(2.30649 0 0)
(2.30632 0 0)
(2.30615 0 0)
(2.30599 0 0)
(2.30584 0 0)
(2.3057 0 0)
(2.30575 0 0)
(2.30625 0 0)
(2.30834 0 0)
(2.3152 0 0)
(2.33488 0 0)
(2.38564 0 0)
(2.50714 0 0)
(2.7826 0 0)
(3.36157 0 0)
(4.3472 0 0)
(5.56195 0 0)
(6.77911 0 0)
(7.88206 0 0)
(8.84142 0 0)
(9.65356 0 0)
(10.3338 0 0)
(10.9003 0 0)
(11.3564 0 0)
(11.7157 0 0)
(12.0078 0 0)
(12.2563 0 0)
(12.4724 0 0)
(12.6625 0 0)
(12.8314 0 0)
(12.983 0 0)
(13.1201 0 0)
(13.245 0 0)
(13.3596 0 0)
(13.4653 0 0)
(13.5631 0 0)
(13.6541 0 0)
(13.7389 0 0)
(13.8184 0 0)
(13.8929 0 0)
(13.9631 0 0)
(14.0293 0 0)
(14.0919 0 0)
(14.1512 0 0)
(14.2075 0 0)
(14.2609 0 0)
(14.3116 0 0)
(14.3587 0 0)
(14.4026 0 0)
(14.445 0 0)
(14.4859 0 0)
(14.5254 0 0)
(14.5634 0 0)
(14.6001 0 0)
(14.6356 0 0)
(14.67 0 0)
(14.7032 0 0)
(14.7354 0 0)
(14.7665 0 0)
(14.7968 0 0)
(14.8261 0 0)
(14.8546 0 0)
(14.8823 0 0)
(14.9091 0 0)
(14.9353 0 0)
(14.9607 0 0)
(14.9855 0 0)
(15.0096 0 0)
(15.0331 0 0)
(15.056 0 0)
(15.0784 0 0)
(15.1002 0 0)
(15.1215 0 0)
(15.1423 0 0)
(15.1626 0 0)
(15.1825 0 0)
(15.202 0 0)
(15.2211 0 0)
(15.2398 0 0)
(15.2581 0 0)
(15.2761 0 0)
(15.2938 0 0)
(15.3111 0 0)
(15.3282 0 0)
(15.345 0 0)
(15.3615 0 0)
(15.3778 0 0)
(15.3938 0 0)
(15.4096 0 0)
(15.4252 0 0)
(15.4405 0 0)
(15.4556 0 0)
(15.4706 0 0)
(15.4853 0 0)
(15.4998 0 0)
(15.514 0 0)
(15.528 0 0)
(15.5418 0 0)
(15.5554 0 0)
(15.5686 0 0)
(15.5816 0 0)
(15.5943 0 0)
(15.6066 0 0)
(15.6186 0 0)
(15.6303 0 0)
(15.6416 0 0)
(15.6525 0 0)
(15.663 0 0)
(15.6732 0 0)
(15.6831 0 0)
(15.6925 0 0)
)
;

boundaryField
{
    boundary
    {
        type            empty;
    }
    inlet
    {
        type            fixedValue;
        value           nonuniform 0();
    }
    outlet
    {
        type            zeroGradient;
    }
    procBoundary1to0
    {
        type            processor;
        value           uniform (15.7012 0 0);
    }
    procBoundary1to3
    {
        type            processor;
        value           uniform (2.30895 0 0);
    }
}


// ************************************************************************* //
