/*--------------------------------*- C++ -*----------------------------------*\
  =========                 |
  \\      /  F ield         | OpenFOAM: The Open Source CFD Toolbox
   \\    /   O peration     | Website:  https://openfoam.org
    \\  /    A nd           | Version:  7
     \\/     M anipulation  |
\*---------------------------------------------------------------------------*/
FoamFile
{
    version     2.0;
    format      ascii;
    class       volVectorField;
    location    "0.00037";
    object      U;
}
// * * * * * * * * * * * * * * * * * * * * * * * * * * * * * * * * * * * * * //

dimensions      [0 1 -1 0 0 0 0];

internalField   nonuniform List<vector> 
126
(
(2.3392 0 0)
(2.33912 0 0)
(2.33905 0 0)
(2.33897 0 0)
(2.3389 0 0)
(2.33882 0 0)
(2.33874 0 0)
(2.33867 0 0)
(2.33859 0 0)
(2.33852 0 0)
(2.33844 0 0)
(2.33837 0 0)
(2.33829 0 0)
(2.33821 0 0)
(2.33814 0 0)
(2.33806 0 0)
(2.33799 0 0)
(2.33791 0 0)
(2.33783 0 0)
(2.33776 0 0)
(2.33768 0 0)
(2.33761 0 0)
(2.33753 0 0)
(2.33746 0 0)
(2.33738 0 0)
(2.3373 0 0)
(2.33723 0 0)
(2.33715 0 0)
(2.33708 0 0)
(2.337 0 0)
(2.33693 0 0)
(2.33685 0 0)
(2.33677 0 0)
(2.3367 0 0)
(2.33662 0 0)
(2.33655 0 0)
(2.33647 0 0)
(2.3364 0 0)
(2.33632 0 0)
(2.33624 0 0)
(2.33617 0 0)
(2.33609 0 0)
(2.33602 0 0)
(2.33594 0 0)
(2.33586 0 0)
(2.33579 0 0)
(2.33571 0 0)
(2.33564 0 0)
(2.33556 0 0)
(2.33549 0 0)
(2.33541 0 0)
(2.33533 0 0)
(2.33526 0 0)
(2.33518 0 0)
(2.33511 0 0)
(2.33503 0 0)
(2.33496 0 0)
(2.33488 0 0)
(2.33481 0 0)
(2.33473 0 0)
(2.33465 0 0)
(2.33458 0 0)
(2.3345 0 0)
(2.33443 0 0)
(2.33435 0 0)
(2.33428 0 0)
(2.3342 0 0)
(2.33413 0 0)
(2.33405 0 0)
(2.33397 0 0)
(2.3339 0 0)
(2.33382 0 0)
(2.33375 0 0)
(2.33367 0 0)
(2.3336 0 0)
(2.33352 0 0)
(2.33345 0 0)
(2.33337 0 0)
(2.33329 0 0)
(2.33322 0 0)
(2.33314 0 0)
(2.33307 0 0)
(2.33299 0 0)
(2.33292 0 0)
(2.33284 0 0)
(2.33276 0 0)
(2.33269 0 0)
(2.33261 0 0)
(2.33254 0 0)
(2.33246 0 0)
(2.33239 0 0)
(2.33231 0 0)
(2.33223 0 0)
(2.33216 0 0)
(2.33208 0 0)
(2.332 0 0)
(2.33193 0 0)
(2.33185 0 0)
(2.33177 0 0)
(2.3317 0 0)
(2.33162 0 0)
(2.33154 0 0)
(2.33147 0 0)
(2.33139 0 0)
(2.33131 0 0)
(2.33124 0 0)
(2.33116 0 0)
(2.33108 0 0)
(2.33101 0 0)
(2.33093 0 0)
(2.33085 0 0)
(2.33078 0 0)
(2.3307 0 0)
(2.33062 0 0)
(2.33055 0 0)
(2.33047 0 0)
(2.33039 0 0)
(2.33031 0 0)
(2.33024 0 0)
(2.33016 0 0)
(2.33008 0 0)
(2.33001 0 0)
(2.32993 0 0)
(2.32986 0 0)
(2.32978 0 0)
(2.3297 0 0)
)
;

boundaryField
{
    boundary
    {
        type            empty;
    }
    inlet
    {
        type            fixedValue;
        value           nonuniform 0();
    }
    outlet
    {
        type            zeroGradient;
    }
    procBoundary3to1
    {
        type            processor;
        value           uniform (2.32963 0 0);
    }
    procBoundary3to2
    {
        type            processor;
        value           uniform (2.33928 0 0);
    }
}


// ************************************************************************* //
