/*--------------------------------*- C++ -*----------------------------------*\
  =========                 |
  \\      /  F ield         | OpenFOAM: The Open Source CFD Toolbox
   \\    /   O peration     | Website:  https://openfoam.org
    \\  /    A nd           | Version:  7
     \\/     M anipulation  |
\*---------------------------------------------------------------------------*/
FoamFile
{
    version     2.0;
    format      ascii;
    class       volVectorField;
    location    "0.00014";
    object      U;
}
// * * * * * * * * * * * * * * * * * * * * * * * * * * * * * * * * * * * * * //

dimensions      [0 1 -1 0 0 0 0];

internalField   nonuniform List<vector> 
125
(
(2.34878 0 0)
(2.34815 0 0)
(2.3474 0 0)
(2.34677 0 0)
(2.34619 0 0)
(2.34559 0 0)
(2.34497 0 0)
(2.34431 0 0)
(2.34357 0 0)
(2.34277 0 0)
(2.34192 0 0)
(2.34106 0 0)
(2.34018 0 0)
(2.33932 0 0)
(2.33847 0 0)
(2.33764 0 0)
(2.33684 0 0)
(2.33606 0 0)
(2.3353 0 0)
(2.33455 0 0)
(2.33381 0 0)
(2.33308 0 0)
(2.33236 0 0)
(2.33164 0 0)
(2.33092 0 0)
(2.33021 0 0)
(2.32949 0 0)
(2.32878 0 0)
(2.32807 0 0)
(2.32737 0 0)
(2.32666 0 0)
(2.32595 0 0)
(2.32525 0 0)
(2.32455 0 0)
(2.32385 0 0)
(2.32315 0 0)
(2.32245 0 0)
(2.32176 0 0)
(2.32106 0 0)
(2.32037 0 0)
(2.31968 0 0)
(2.31899 0 0)
(2.31831 0 0)
(2.31762 0 0)
(2.31694 0 0)
(2.31626 0 0)
(2.31558 0 0)
(2.3149 0 0)
(2.31423 0 0)
(2.31356 0 0)
(2.31289 0 0)
(2.31222 0 0)
(2.31155 0 0)
(2.31089 0 0)
(2.31022 0 0)
(2.30956 0 0)
(2.30891 0 0)
(2.30825 0 0)
(2.3076 0 0)
(2.30695 0 0)
(2.3063 0 0)
(2.30565 0 0)
(2.30501 0 0)
(2.30436 0 0)
(2.30372 0 0)
(2.30309 0 0)
(2.30245 0 0)
(2.30182 0 0)
(2.30119 0 0)
(2.30056 0 0)
(2.29994 0 0)
(2.29931 0 0)
(2.29869 0 0)
(2.29807 0 0)
(2.29746 0 0)
(2.29685 0 0)
(2.29623 0 0)
(2.29562 0 0)
(2.29502 0 0)
(2.29442 0 0)
(2.29381 0 0)
(2.29321 0 0)
(2.29262 0 0)
(2.29202 0 0)
(2.29143 0 0)
(2.29084 0 0)
(2.29025 0 0)
(2.28967 0 0)
(2.28908 0 0)
(2.2885 0 0)
(2.28793 0 0)
(2.28735 0 0)
(2.28678 0 0)
(2.2862 0 0)
(2.28564 0 0)
(2.28507 0 0)
(2.2845 0 0)
(2.28394 0 0)
(2.28338 0 0)
(2.28282 0 0)
(2.28227 0 0)
(2.28171 0 0)
(2.28116 0 0)
(2.28061 0 0)
(2.28006 0 0)
(2.27952 0 0)
(2.27897 0 0)
(2.27843 0 0)
(2.27789 0 0)
(2.27735 0 0)
(2.27682 0 0)
(2.27628 0 0)
(2.27575 0 0)
(2.27522 0 0)
(2.27469 0 0)
(2.27416 0 0)
(2.27363 0 0)
(2.27311 0 0)
(2.27259 0 0)
(2.27207 0 0)
(2.27155 0 0)
(2.27103 0 0)
(2.27052 0 0)
(2.27 0 0)
(2.26947 0 0)
)
;

boundaryField
{
    boundary
    {
        type            empty;
    }
    inlet
    {
        type            fixedValue;
        value           uniform (2.34893 0 0);
    }
    outlet
    {
        type            zeroGradient;
    }
    procBoundary2to3
    {
        type            processor;
        value           uniform (2.26894 0 0);
    }
}


// ************************************************************************* //
