/*--------------------------------*- C++ -*----------------------------------*\
  =========                 |
  \\      /  F ield         | OpenFOAM: The Open Source CFD Toolbox
   \\    /   O peration     | Website:  https://openfoam.org
    \\  /    A nd           | Version:  7
     \\/     M anipulation  |
\*---------------------------------------------------------------------------*/
FoamFile
{
    version     2.0;
    format      ascii;
    class       volVectorField;
    location    "0.00064";
    object      U;
}
// * * * * * * * * * * * * * * * * * * * * * * * * * * * * * * * * * * * * * //

dimensions      [0 1 -1 0 0 0 0];

internalField   nonuniform List<vector> 
125
(
(2.34896 0 0)
(2.34908 0 0)
(2.34923 0 0)
(2.34938 0 0)
(2.34952 0 0)
(2.34966 0 0)
(2.3498 0 0)
(2.34994 0 0)
(2.35008 0 0)
(2.35022 0 0)
(2.35036 0 0)
(2.3505 0 0)
(2.35063 0 0)
(2.35077 0 0)
(2.3509 0 0)
(2.35104 0 0)
(2.35117 0 0)
(2.35131 0 0)
(2.35144 0 0)
(2.35158 0 0)
(2.35171 0 0)
(2.35185 0 0)
(2.35199 0 0)
(2.35213 0 0)
(2.35228 0 0)
(2.35242 0 0)
(2.35257 0 0)
(2.35272 0 0)
(2.35287 0 0)
(2.35303 0 0)
(2.35318 0 0)
(2.35334 0 0)
(2.3535 0 0)
(2.35366 0 0)
(2.35381 0 0)
(2.35397 0 0)
(2.35413 0 0)
(2.35428 0 0)
(2.35444 0 0)
(2.35458 0 0)
(2.35473 0 0)
(2.35487 0 0)
(2.35501 0 0)
(2.35514 0 0)
(2.35526 0 0)
(2.35539 0 0)
(2.3555 0 0)
(2.35562 0 0)
(2.35573 0 0)
(2.35583 0 0)
(2.35594 0 0)
(2.35604 0 0)
(2.35614 0 0)
(2.35624 0 0)
(2.35634 0 0)
(2.35644 0 0)
(2.35654 0 0)
(2.35664 0 0)
(2.35675 0 0)
(2.35685 0 0)
(2.35696 0 0)
(2.35707 0 0)
(2.35719 0 0)
(2.3573 0 0)
(2.35742 0 0)
(2.35753 0 0)
(2.35765 0 0)
(2.35777 0 0)
(2.3579 0 0)
(2.35802 0 0)
(2.35815 0 0)
(2.35827 0 0)
(2.3584 0 0)
(2.35853 0 0)
(2.35865 0 0)
(2.35878 0 0)
(2.35891 0 0)
(2.35904 0 0)
(2.35917 0 0)
(2.35929 0 0)
(2.35942 0 0)
(2.35955 0 0)
(2.35968 0 0)
(2.35981 0 0)
(2.35994 0 0)
(2.36007 0 0)
(2.3602 0 0)
(2.36033 0 0)
(2.36046 0 0)
(2.36059 0 0)
(2.36072 0 0)
(2.36085 0 0)
(2.36097 0 0)
(2.3611 0 0)
(2.36123 0 0)
(2.36136 0 0)
(2.36149 0 0)
(2.36162 0 0)
(2.36175 0 0)
(2.36188 0 0)
(2.36201 0 0)
(2.36214 0 0)
(2.36227 0 0)
(2.3624 0 0)
(2.36253 0 0)
(2.36266 0 0)
(2.36278 0 0)
(2.36291 0 0)
(2.36304 0 0)
(2.36317 0 0)
(2.3633 0 0)
(2.36343 0 0)
(2.36356 0 0)
(2.36369 0 0)
(2.36382 0 0)
(2.36395 0 0)
(2.36408 0 0)
(2.36421 0 0)
(2.36434 0 0)
(2.36447 0 0)
(2.3646 0 0)
(2.36473 0 0)
(2.36486 0 0)
(2.36499 0 0)
(2.36513 0 0)
)
;

boundaryField
{
    boundary
    {
        type            empty;
    }
    inlet
    {
        type            fixedValue;
        value           uniform (2.34893 0 0);
    }
    outlet
    {
        type            zeroGradient;
    }
    procBoundary2to3
    {
        type            processor;
        value           uniform (2.36527 0 0);
    }
}


// ************************************************************************* //
