/*--------------------------------*- C++ -*----------------------------------*\
  =========                 |
  \\      /  F ield         | OpenFOAM: The Open Source CFD Toolbox
   \\    /   O peration     | Website:  https://openfoam.org
    \\  /    A nd           | Version:  7
     \\/     M anipulation  |
\*---------------------------------------------------------------------------*/
FoamFile
{
    version     2.0;
    format      ascii;
    class       volVectorField;
    location    "0.00016";
    object      U;
}
// * * * * * * * * * * * * * * * * * * * * * * * * * * * * * * * * * * * * * //

dimensions      [0 1 -1 0 0 0 0];

internalField   nonuniform List<vector> 
125
(
(2.34902 0 0)
(2.34918 0 0)
(2.3492 0 0)
(2.34923 0 0)
(2.34932 0 0)
(2.34942 0 0)
(2.34951 0 0)
(2.34959 0 0)
(2.34962 0 0)
(2.34961 0 0)
(2.34955 0 0)
(2.34945 0 0)
(2.34933 0 0)
(2.34918 0 0)
(2.34903 0 0)
(2.34889 0 0)
(2.34876 0 0)
(2.34864 0 0)
(2.34855 0 0)
(2.34847 0 0)
(2.34841 0 0)
(2.34835 0 0)
(2.34831 0 0)
(2.34826 0 0)
(2.34823 0 0)
(2.34819 0 0)
(2.34816 0 0)
(2.34813 0 0)
(2.3481 0 0)
(2.34806 0 0)
(2.34803 0 0)
(2.34799 0 0)
(2.34796 0 0)
(2.34792 0 0)
(2.34788 0 0)
(2.34784 0 0)
(2.3478 0 0)
(2.34776 0 0)
(2.34772 0 0)
(2.34768 0 0)
(2.34763 0 0)
(2.34758 0 0)
(2.34754 0 0)
(2.34749 0 0)
(2.34744 0 0)
(2.34738 0 0)
(2.34733 0 0)
(2.34727 0 0)
(2.34722 0 0)
(2.34716 0 0)
(2.3471 0 0)
(2.34704 0 0)
(2.34698 0 0)
(2.34691 0 0)
(2.34684 0 0)
(2.34678 0 0)
(2.34671 0 0)
(2.34663 0 0)
(2.34656 0 0)
(2.34649 0 0)
(2.34641 0 0)
(2.34633 0 0)
(2.34625 0 0)
(2.34617 0 0)
(2.34608 0 0)
(2.34599 0 0)
(2.34591 0 0)
(2.34582 0 0)
(2.34572 0 0)
(2.34563 0 0)
(2.34553 0 0)
(2.34543 0 0)
(2.34533 0 0)
(2.34523 0 0)
(2.34512 0 0)
(2.34501 0 0)
(2.34491 0 0)
(2.34479 0 0)
(2.34468 0 0)
(2.34456 0 0)
(2.34444 0 0)
(2.34432 0 0)
(2.3442 0 0)
(2.34407 0 0)
(2.34395 0 0)
(2.34381 0 0)
(2.34368 0 0)
(2.34355 0 0)
(2.34341 0 0)
(2.34327 0 0)
(2.34313 0 0)
(2.34298 0 0)
(2.34283 0 0)
(2.34269 0 0)
(2.34253 0 0)
(2.34238 0 0)
(2.34222 0 0)
(2.34206 0 0)
(2.3419 0 0)
(2.34173 0 0)
(2.34157 0 0)
(2.3414 0 0)
(2.34122 0 0)
(2.34105 0 0)
(2.34087 0 0)
(2.34069 0 0)
(2.34051 0 0)
(2.34032 0 0)
(2.34014 0 0)
(2.33994 0 0)
(2.33975 0 0)
(2.33956 0 0)
(2.33936 0 0)
(2.33916 0 0)
(2.33895 0 0)
(2.33875 0 0)
(2.33854 0 0)
(2.33833 0 0)
(2.33811 0 0)
(2.33789 0 0)
(2.33767 0 0)
(2.33745 0 0)
(2.33723 0 0)
(2.337 0 0)
(2.33676 0 0)
)
;

boundaryField
{
    boundary
    {
        type            empty;
    }
    inlet
    {
        type            fixedValue;
        value           uniform (2.34893 0 0);
    }
    outlet
    {
        type            zeroGradient;
    }
    procBoundary2to3
    {
        type            processor;
        value           uniform (2.33652 0 0);
    }
}


// ************************************************************************* //
