/*--------------------------------*- C++ -*----------------------------------*\
  =========                 |
  \\      /  F ield         | OpenFOAM: The Open Source CFD Toolbox
   \\    /   O peration     | Website:  https://openfoam.org
    \\  /    A nd           | Version:  7
     \\/     M anipulation  |
\*---------------------------------------------------------------------------*/
FoamFile
{
    version     2.0;
    format      ascii;
    class       volVectorField;
    location    "0.00088";
    object      U;
}
// * * * * * * * * * * * * * * * * * * * * * * * * * * * * * * * * * * * * * //

dimensions      [0 1 -1 0 0 0 0];

internalField   nonuniform List<vector> 
124
(
(15.7973 0 0)
(15.8074 0 0)
(15.8174 0 0)
(15.8272 0 0)
(15.8369 0 0)
(15.8465 0 0)
(15.8559 0 0)
(15.8652 0 0)
(15.8744 0 0)
(15.8835 0 0)
(15.8925 0 0)
(15.9013 0 0)
(15.9101 0 0)
(15.9187 0 0)
(15.9272 0 0)
(15.9356 0 0)
(15.944 0 0)
(15.9522 0 0)
(15.9603 0 0)
(15.9683 0 0)
(15.9762 0 0)
(15.9841 0 0)
(15.9918 0 0)
(15.9995 0 0)
(16.007 0 0)
(16.0145 0 0)
(16.0219 0 0)
(16.0292 0 0)
(16.0365 0 0)
(16.0436 0 0)
(16.0507 0 0)
(16.0577 0 0)
(16.0646 0 0)
(16.0715 0 0)
(16.0782 0 0)
(16.0849 0 0)
(16.0916 0 0)
(16.0981 0 0)
(16.1046 0 0)
(16.111 0 0)
(16.1174 0 0)
(16.1237 0 0)
(16.1299 0 0)
(16.136 0 0)
(16.1421 0 0)
(16.1482 0 0)
(16.1541 0 0)
(16.16 0 0)
(16.1659 0 0)
(16.1717 0 0)
(16.1774 0 0)
(16.1831 0 0)
(16.1887 0 0)
(16.1943 0 0)
(16.1998 0 0)
(16.2053 0 0)
(16.2107 0 0)
(16.2161 0 0)
(16.2214 0 0)
(16.2266 0 0)
(16.2318 0 0)
(16.237 0 0)
(16.2421 0 0)
(16.2472 0 0)
(16.2522 0 0)
(16.2572 0 0)
(16.2621 0 0)
(16.267 0 0)
(16.2718 0 0)
(16.2766 0 0)
(16.2813 0 0)
(16.286 0 0)
(16.2907 0 0)
(16.2953 0 0)
(16.2999 0 0)
(16.3045 0 0)
(16.309 0 0)
(16.3134 0 0)
(16.3178 0 0)
(16.3222 0 0)
(16.3266 0 0)
(16.3309 0 0)
(16.3351 0 0)
(16.3394 0 0)
(16.3436 0 0)
(16.3477 0 0)
(16.3519 0 0)
(16.356 0 0)
(16.36 0 0)
(16.364 0 0)
(16.368 0 0)
(16.372 0 0)
(16.3759 0 0)
(16.3798 0 0)
(16.3837 0 0)
(16.3875 0 0)
(16.3913 0 0)
(16.3951 0 0)
(16.3988 0 0)
(16.4025 0 0)
(16.4062 0 0)
(16.4098 0 0)
(16.4134 0 0)
(16.417 0 0)
(16.4206 0 0)
(16.4241 0 0)
(16.4276 0 0)
(16.4311 0 0)
(16.4346 0 0)
(16.438 0 0)
(16.4414 0 0)
(16.4448 0 0)
(16.4481 0 0)
(16.4515 0 0)
(16.4548 0 0)
(16.4581 0 0)
(16.4614 0 0)
(16.4647 0 0)
(16.468 0 0)
(16.4712 0 0)
(16.4744 0 0)
(16.4775 0 0)
(16.4801 0 0)
(16.4819 0 0)
)
;

boundaryField
{
    boundary
    {
        type            empty;
    }
    inlet
    {
        type            fixedValue;
        value           nonuniform 0();
    }
    outlet
    {
        type            zeroGradient;
    }
    procBoundary0to1
    {
        type            processor;
        value           uniform (15.7871 0 0);
    }
}


// ************************************************************************* //
