/*--------------------------------*- C++ -*----------------------------------*\
  =========                 |
  \\      /  F ield         | OpenFOAM: The Open Source CFD Toolbox
   \\    /   O peration     | Website:  https://openfoam.org
    \\  /    A nd           | Version:  7
     \\/     M anipulation  |
\*---------------------------------------------------------------------------*/
FoamFile
{
    version     2.0;
    format      ascii;
    class       volVectorField;
    location    "0.00049";
    object      U;
}
// * * * * * * * * * * * * * * * * * * * * * * * * * * * * * * * * * * * * * //

dimensions      [0 1 -1 0 0 0 0];

internalField   nonuniform List<vector> 
126
(
(2.33811 0 0)
(2.33804 0 0)
(2.33796 0 0)
(2.33787 0 0)
(2.33779 0 0)
(2.3377 0 0)
(2.33762 0 0)
(2.33754 0 0)
(2.33746 0 0)
(2.33737 0 0)
(2.33729 0 0)
(2.33721 0 0)
(2.33713 0 0)
(2.33704 0 0)
(2.33696 0 0)
(2.33688 0 0)
(2.3368 0 0)
(2.33672 0 0)
(2.33664 0 0)
(2.33655 0 0)
(2.33647 0 0)
(2.33639 0 0)
(2.33631 0 0)
(2.33623 0 0)
(2.33615 0 0)
(2.33607 0 0)
(2.33599 0 0)
(2.3359 0 0)
(2.33582 0 0)
(2.33574 0 0)
(2.33566 0 0)
(2.33558 0 0)
(2.3355 0 0)
(2.33542 0 0)
(2.33534 0 0)
(2.33526 0 0)
(2.33518 0 0)
(2.3351 0 0)
(2.33502 0 0)
(2.33494 0 0)
(2.33486 0 0)
(2.33478 0 0)
(2.3347 0 0)
(2.33462 0 0)
(2.33454 0 0)
(2.33446 0 0)
(2.33438 0 0)
(2.33431 0 0)
(2.33423 0 0)
(2.33415 0 0)
(2.33407 0 0)
(2.33399 0 0)
(2.33391 0 0)
(2.33383 0 0)
(2.33375 0 0)
(2.33368 0 0)
(2.3336 0 0)
(2.33352 0 0)
(2.33344 0 0)
(2.33336 0 0)
(2.33329 0 0)
(2.33321 0 0)
(2.33313 0 0)
(2.33305 0 0)
(2.33298 0 0)
(2.3329 0 0)
(2.33282 0 0)
(2.33275 0 0)
(2.33267 0 0)
(2.33259 0 0)
(2.33252 0 0)
(2.33244 0 0)
(2.33236 0 0)
(2.33229 0 0)
(2.33221 0 0)
(2.33214 0 0)
(2.33206 0 0)
(2.33198 0 0)
(2.33191 0 0)
(2.33183 0 0)
(2.33176 0 0)
(2.33168 0 0)
(2.33161 0 0)
(2.33153 0 0)
(2.33146 0 0)
(2.33138 0 0)
(2.33131 0 0)
(2.33124 0 0)
(2.33116 0 0)
(2.33109 0 0)
(2.33101 0 0)
(2.33094 0 0)
(2.33087 0 0)
(2.33079 0 0)
(2.33072 0 0)
(2.33065 0 0)
(2.33058 0 0)
(2.3305 0 0)
(2.33043 0 0)
(2.33036 0 0)
(2.33029 0 0)
(2.33021 0 0)
(2.33014 0 0)
(2.33007 0 0)
(2.33 0 0)
(2.32993 0 0)
(2.32986 0 0)
(2.32978 0 0)
(2.32971 0 0)
(2.32964 0 0)
(2.32957 0 0)
(2.3295 0 0)
(2.32943 0 0)
(2.32936 0 0)
(2.32929 0 0)
(2.32922 0 0)
(2.32915 0 0)
(2.32908 0 0)
(2.32901 0 0)
(2.32895 0 0)
(2.32888 0 0)
(2.32881 0 0)
(2.32874 0 0)
(2.32867 0 0)
(2.3286 0 0)
(2.32853 0 0)
)
;

boundaryField
{
    boundary
    {
        type            empty;
    }
    inlet
    {
        type            fixedValue;
        value           nonuniform 0();
    }
    outlet
    {
        type            zeroGradient;
    }
    procBoundary3to1
    {
        type            processor;
        value           uniform (2.32846 0 0);
    }
    procBoundary3to2
    {
        type            processor;
        value           uniform (2.3382 0 0);
    }
}


// ************************************************************************* //
