/*--------------------------------*- C++ -*----------------------------------*\
  =========                 |
  \\      /  F ield         | OpenFOAM: The Open Source CFD Toolbox
   \\    /   O peration     | Website:  https://openfoam.org
    \\  /    A nd           | Version:  7
     \\/     M anipulation  |
\*---------------------------------------------------------------------------*/
FoamFile
{
    version     2.0;
    format      ascii;
    class       volScalarField;
    location    "0.00046";
    object      p;
}
// * * * * * * * * * * * * * * * * * * * * * * * * * * * * * * * * * * * * * //

dimensions      [1 -1 -2 0 0 0 0];

internalField   nonuniform List<scalar> 
500
(
103200
103200
103200
103200
103200
103200
103200
103200
103200
103200
103200
103200
103200
103200
103200
103200
103200
103200
103200
103200
103200
103200
103200
103200
103200
103200
103200
103200
103200
103200
103200
103200
103200
103200
103200
103200
103200
103200
103200
103200
103200
103200
103200
103200
103200
103200
103200
103200
103200
103200
103200
103200
103200
103200
103200
103200
103200
103200
103200
103200
103200
103200
103200
103200
103200
103200
103200
103200
103200
103200
103200
103200
103200
103200
103200
103200
103200
103200
103200
103200
103200
103200
103200
103200
103200
103200
103200
103200
103200
103200
103200
103200
103200
103200
103200
103200
103200
103200
103200
103200
103200
103200
103200
103200
103200
103200
103200
103200
103200
103200
103200
103200
103200
103200
103201
103201
103201
103201
103201
103201
103201
103201
103201
103201
103201
103201
103201
103201
103201
103201
103201
103201
103201
103201
103201
103201
103201
103201
103201
103201
103201
103201
103201
103201
103201
103201
103201
103201
103201
103201
103201
103201
103201
103201
103201
103201
103201
103201
103201
103201
103201
103201
103201
103201
103201
103201
103201
103201
103201
103201
103201
103201
103201
103201
103201
103201
103201
103201
103201
103201
103201
103201
103201
103201
103201
103201
103201
103201
103201
103201
103201
103201
103201
103201
103201
103201
103201
103201
103201
103201
103201
103201
103201
103201
103201
103201
103201
103201
103201
103201
103201
103201
103201
103201
103201
103201
103201
103201
103201
103201
103201
103201
103201
103201
103201
103201
103201
103201
103201
103201
103201
103201
103201
103201
103201
103201
103201
103201
103201
103201
103201
103201
103201
103201
103201
103201
103201
103201
103201
103201
103201
103201
103201
103201
103201
103201
103201
103201
103201
103201
103201
103201
103201
103201
103201
103201
103201
103201
103201
103201
103201
103201
103201
103201
103201
103201
103201
103201
103200
103198
103196
103193
103191
103189
103187
103185
103184
103183
103182
103181
103181
103180
103180
103179
103179
103179
103178
103178
103178
103178
103177
103177
103177
103177
103177
103176
103176
103176
103176
103176
103176
103176
103176
103176
103175
103175
103175
103175
103175
103175
103175
103175
103175
103175
103175
103175
103175
103175
103174
103174
103174
103174
103174
103174
103174
103174
103174
103174
103174
103174
103174
103174
103174
103174
103174
103174
103174
103174
103174
103174
103173
103173
103173
103173
103173
103173
103173
103173
103173
103173
103173
103173
103173
103173
103173
103173
103173
103173
103173
103173
103173
103173
103173
103173
103173
103173
103173
103173
103173
103173
103173
103173
103173
103173
103173
103173
103173
103173
103173
103173
103172
103172
103172
103172
103172
103172
103172
103172
103172
103172
103172
103172
103172
103172
103172
103172
103172
103172
103172
103172
103172
103172
103172
103172
103172
103172
103172
103172
103172
103172
103172
103172
103172
103172
103172
103172
103172
103172
103172
103172
103172
103172
103172
103172
103172
103172
103172
103172
103172
103172
103172
103172
103172
103172
103172
103172
103172
103172
103172
103172
103172
103172
103172
103172
103172
103172
103172
103172
103172
103172
103172
103172
103172
103172
103172
103172
103172
103171
103171
103171
103171
103171
103171
103171
103171
103171
103171
103171
103171
103171
103171
103171
103171
103171
103171
103171
103171
103171
103171
103171
103171
103171
103171
103171
103171
103171
103171
103171
103171
103171
)
;

boundaryField
{
    boundary
    {
        type            empty;
    }
    inlet
    {
        type            zeroGradient;
    }
    outlet
    {
        type            waveTransmissive;
        gamma           1.4;
        value           uniform 103171;
    }
}


// ************************************************************************* //
