/*--------------------------------*- C++ -*----------------------------------*\
  =========                 |
  \\      /  F ield         | OpenFOAM: The Open Source CFD Toolbox
   \\    /   O peration     | Website:  https://openfoam.org
    \\  /    A nd           | Version:  7
     \\/     M anipulation  |
\*---------------------------------------------------------------------------*/
FoamFile
{
    version     2.0;
    format      ascii;
    class       volVectorField;
    location    "0.00026";
    object      U;
}
// * * * * * * * * * * * * * * * * * * * * * * * * * * * * * * * * * * * * * //

dimensions      [0 1 -1 0 0 0 0];

internalField   nonuniform List<vector> 
126
(
(2.33925 0 0)
(2.33916 0 0)
(2.33909 0 0)
(2.339 0 0)
(2.33891 0 0)
(2.33883 0 0)
(2.33874 0 0)
(2.33865 0 0)
(2.33857 0 0)
(2.33848 0 0)
(2.33839 0 0)
(2.33831 0 0)
(2.33822 0 0)
(2.33813 0 0)
(2.33804 0 0)
(2.33796 0 0)
(2.33787 0 0)
(2.33778 0 0)
(2.33769 0 0)
(2.3376 0 0)
(2.33751 0 0)
(2.33743 0 0)
(2.33734 0 0)
(2.33725 0 0)
(2.33716 0 0)
(2.33707 0 0)
(2.33698 0 0)
(2.33689 0 0)
(2.3368 0 0)
(2.33671 0 0)
(2.33662 0 0)
(2.33652 0 0)
(2.33643 0 0)
(2.33634 0 0)
(2.33625 0 0)
(2.33616 0 0)
(2.33607 0 0)
(2.33597 0 0)
(2.33588 0 0)
(2.33579 0 0)
(2.3357 0 0)
(2.3356 0 0)
(2.33551 0 0)
(2.33542 0 0)
(2.33532 0 0)
(2.33523 0 0)
(2.33514 0 0)
(2.33504 0 0)
(2.33495 0 0)
(2.33485 0 0)
(2.33476 0 0)
(2.33466 0 0)
(2.33457 0 0)
(2.33447 0 0)
(2.33438 0 0)
(2.33428 0 0)
(2.33418 0 0)
(2.33409 0 0)
(2.33399 0 0)
(2.33389 0 0)
(2.3338 0 0)
(2.3337 0 0)
(2.3336 0 0)
(2.33351 0 0)
(2.33341 0 0)
(2.33331 0 0)
(2.33321 0 0)
(2.33311 0 0)
(2.33302 0 0)
(2.33292 0 0)
(2.33282 0 0)
(2.33272 0 0)
(2.33262 0 0)
(2.33252 0 0)
(2.33242 0 0)
(2.33232 0 0)
(2.33222 0 0)
(2.33212 0 0)
(2.33202 0 0)
(2.33192 0 0)
(2.33182 0 0)
(2.33172 0 0)
(2.33162 0 0)
(2.33151 0 0)
(2.33141 0 0)
(2.33131 0 0)
(2.33121 0 0)
(2.33111 0 0)
(2.331 0 0)
(2.3309 0 0)
(2.3308 0 0)
(2.33069 0 0)
(2.33059 0 0)
(2.33049 0 0)
(2.33038 0 0)
(2.33028 0 0)
(2.33018 0 0)
(2.33007 0 0)
(2.32997 0 0)
(2.32986 0 0)
(2.32976 0 0)
(2.32966 0 0)
(2.32955 0 0)
(2.32945 0 0)
(2.32934 0 0)
(2.32923 0 0)
(2.32913 0 0)
(2.32902 0 0)
(2.32892 0 0)
(2.32881 0 0)
(2.3287 0 0)
(2.3286 0 0)
(2.32849 0 0)
(2.32838 0 0)
(2.32828 0 0)
(2.32817 0 0)
(2.32806 0 0)
(2.32796 0 0)
(2.32785 0 0)
(2.32774 0 0)
(2.32763 0 0)
(2.32752 0 0)
(2.32742 0 0)
(2.32731 0 0)
(2.3272 0 0)
(2.32709 0 0)
)
;

boundaryField
{
    boundary
    {
        type            empty;
    }
    inlet
    {
        type            fixedValue;
        value           nonuniform 0();
    }
    outlet
    {
        type            zeroGradient;
    }
    procBoundary3to1
    {
        type            processor;
        value           uniform (2.32698 0 0);
    }
    procBoundary3to2
    {
        type            processor;
        value           uniform (2.33934 0 0);
    }
}


// ************************************************************************* //
