/*--------------------------------*- C++ -*----------------------------------*\
  =========                 |
  \\      /  F ield         | OpenFOAM: The Open Source CFD Toolbox
   \\    /   O peration     | Website:  https://openfoam.org
    \\  /    A nd           | Version:  7
     \\/     M anipulation  |
\*---------------------------------------------------------------------------*/
FoamFile
{
    version     2.0;
    format      ascii;
    class       volVectorField;
    location    "0.00033";
    object      U;
}
// * * * * * * * * * * * * * * * * * * * * * * * * * * * * * * * * * * * * * //

dimensions      [0 1 -1 0 0 0 0];

internalField   nonuniform List<vector> 
125
(
(2.34892 0 0)
(2.34885 0 0)
(2.34877 0 0)
(2.3487 0 0)
(2.34863 0 0)
(2.34857 0 0)
(2.34852 0 0)
(2.34847 0 0)
(2.34843 0 0)
(2.34839 0 0)
(2.34836 0 0)
(2.34833 0 0)
(2.34831 0 0)
(2.34829 0 0)
(2.34827 0 0)
(2.34825 0 0)
(2.34823 0 0)
(2.3482 0 0)
(2.34817 0 0)
(2.34812 0 0)
(2.34806 0 0)
(2.34799 0 0)
(2.3479 0 0)
(2.3478 0 0)
(2.34769 0 0)
(2.34757 0 0)
(2.34744 0 0)
(2.34731 0 0)
(2.34718 0 0)
(2.34705 0 0)
(2.34692 0 0)
(2.34679 0 0)
(2.34667 0 0)
(2.34655 0 0)
(2.34644 0 0)
(2.34634 0 0)
(2.34624 0 0)
(2.34614 0 0)
(2.34605 0 0)
(2.34596 0 0)
(2.34588 0 0)
(2.34579 0 0)
(2.34571 0 0)
(2.34563 0 0)
(2.34556 0 0)
(2.34548 0 0)
(2.3454 0 0)
(2.34533 0 0)
(2.34525 0 0)
(2.34518 0 0)
(2.3451 0 0)
(2.34503 0 0)
(2.34495 0 0)
(2.34487 0 0)
(2.3448 0 0)
(2.34472 0 0)
(2.34465 0 0)
(2.34457 0 0)
(2.3445 0 0)
(2.34442 0 0)
(2.34435 0 0)
(2.34427 0 0)
(2.3442 0 0)
(2.34412 0 0)
(2.34405 0 0)
(2.34397 0 0)
(2.3439 0 0)
(2.34382 0 0)
(2.34375 0 0)
(2.34367 0 0)
(2.3436 0 0)
(2.34352 0 0)
(2.34345 0 0)
(2.34337 0 0)
(2.3433 0 0)
(2.34322 0 0)
(2.34315 0 0)
(2.34307 0 0)
(2.343 0 0)
(2.34292 0 0)
(2.34285 0 0)
(2.34277 0 0)
(2.3427 0 0)
(2.34262 0 0)
(2.34255 0 0)
(2.34247 0 0)
(2.3424 0 0)
(2.34232 0 0)
(2.34224 0 0)
(2.34217 0 0)
(2.34209 0 0)
(2.34202 0 0)
(2.34194 0 0)
(2.34187 0 0)
(2.34179 0 0)
(2.34172 0 0)
(2.34164 0 0)
(2.34157 0 0)
(2.34149 0 0)
(2.34142 0 0)
(2.34134 0 0)
(2.34127 0 0)
(2.34119 0 0)
(2.34112 0 0)
(2.34104 0 0)
(2.34097 0 0)
(2.34089 0 0)
(2.34081 0 0)
(2.34074 0 0)
(2.34066 0 0)
(2.34059 0 0)
(2.34051 0 0)
(2.34044 0 0)
(2.34036 0 0)
(2.34029 0 0)
(2.34021 0 0)
(2.34014 0 0)
(2.34006 0 0)
(2.33998 0 0)
(2.33991 0 0)
(2.33983 0 0)
(2.33976 0 0)
(2.33968 0 0)
(2.33961 0 0)
(2.33953 0 0)
)
;

boundaryField
{
    boundary
    {
        type            empty;
    }
    inlet
    {
        type            fixedValue;
        value           uniform (2.34893 0 0);
    }
    outlet
    {
        type            zeroGradient;
    }
    procBoundary2to3
    {
        type            processor;
        value           uniform (2.33945 0 0);
    }
}


// ************************************************************************* //
