/*--------------------------------*- C++ -*----------------------------------*\
  =========                 |
  \\      /  F ield         | OpenFOAM: The Open Source CFD Toolbox
   \\    /   O peration     | Website:  https://openfoam.org
    \\  /    A nd           | Version:  7
     \\/     M anipulation  |
\*---------------------------------------------------------------------------*/
FoamFile
{
    version     2.0;
    format      ascii;
    class       volVectorField;
    location    "0.00017";
    object      U;
}
// * * * * * * * * * * * * * * * * * * * * * * * * * * * * * * * * * * * * * //

dimensions      [0 1 -1 0 0 0 0];

internalField   nonuniform List<vector> 
126
(
(2.34191 0 0)
(2.34183 0 0)
(2.34175 0 0)
(2.34167 0 0)
(2.34158 0 0)
(2.34149 0 0)
(2.3414 0 0)
(2.34131 0 0)
(2.34123 0 0)
(2.34114 0 0)
(2.34105 0 0)
(2.34095 0 0)
(2.34086 0 0)
(2.34077 0 0)
(2.34068 0 0)
(2.34058 0 0)
(2.34049 0 0)
(2.34039 0 0)
(2.34029 0 0)
(2.3402 0 0)
(2.3401 0 0)
(2.34 0 0)
(2.3399 0 0)
(2.3398 0 0)
(2.3397 0 0)
(2.33959 0 0)
(2.33949 0 0)
(2.33939 0 0)
(2.33928 0 0)
(2.33918 0 0)
(2.33907 0 0)
(2.33896 0 0)
(2.33886 0 0)
(2.33875 0 0)
(2.33864 0 0)
(2.33853 0 0)
(2.33842 0 0)
(2.33831 0 0)
(2.33819 0 0)
(2.33808 0 0)
(2.33796 0 0)
(2.33785 0 0)
(2.33773 0 0)
(2.33762 0 0)
(2.3375 0 0)
(2.33738 0 0)
(2.33726 0 0)
(2.33714 0 0)
(2.33702 0 0)
(2.33689 0 0)
(2.33677 0 0)
(2.33665 0 0)
(2.33652 0 0)
(2.33639 0 0)
(2.33627 0 0)
(2.33614 0 0)
(2.33601 0 0)
(2.33588 0 0)
(2.33575 0 0)
(2.33562 0 0)
(2.33548 0 0)
(2.33535 0 0)
(2.33521 0 0)
(2.33508 0 0)
(2.33494 0 0)
(2.3348 0 0)
(2.33466 0 0)
(2.33452 0 0)
(2.33438 0 0)
(2.33424 0 0)
(2.33409 0 0)
(2.33395 0 0)
(2.3338 0 0)
(2.33365 0 0)
(2.3335 0 0)
(2.33335 0 0)
(2.3332 0 0)
(2.33305 0 0)
(2.33289 0 0)
(2.33274 0 0)
(2.33258 0 0)
(2.33242 0 0)
(2.33226 0 0)
(2.3321 0 0)
(2.33193 0 0)
(2.33177 0 0)
(2.3316 0 0)
(2.33144 0 0)
(2.33127 0 0)
(2.33109 0 0)
(2.33092 0 0)
(2.33075 0 0)
(2.33057 0 0)
(2.33039 0 0)
(2.33021 0 0)
(2.33003 0 0)
(2.32985 0 0)
(2.32966 0 0)
(2.32948 0 0)
(2.32929 0 0)
(2.3291 0 0)
(2.3289 0 0)
(2.32871 0 0)
(2.32851 0 0)
(2.32831 0 0)
(2.32811 0 0)
(2.32791 0 0)
(2.32771 0 0)
(2.3275 0 0)
(2.32729 0 0)
(2.32708 0 0)
(2.32687 0 0)
(2.32665 0 0)
(2.32644 0 0)
(2.32622 0 0)
(2.326 0 0)
(2.32577 0 0)
(2.32555 0 0)
(2.32532 0 0)
(2.32509 0 0)
(2.32486 0 0)
(2.32463 0 0)
(2.32439 0 0)
(2.32415 0 0)
(2.32391 0 0)
(2.32367 0 0)
)
;

boundaryField
{
    boundary
    {
        type            empty;
    }
    inlet
    {
        type            fixedValue;
        value           nonuniform 0();
    }
    outlet
    {
        type            zeroGradient;
    }
    procBoundary3to1
    {
        type            processor;
        value           uniform (2.32341 0 0);
    }
    procBoundary3to2
    {
        type            processor;
        value           uniform (2.342 0 0);
    }
}


// ************************************************************************* //
