/*--------------------------------*- C++ -*----------------------------------*\
  =========                 |
  \\      /  F ield         | OpenFOAM: The Open Source CFD Toolbox
   \\    /   O peration     | Website:  https://openfoam.org
    \\  /    A nd           | Version:  7
     \\/     M anipulation  |
\*---------------------------------------------------------------------------*/
FoamFile
{
    version     2.0;
    format      ascii;
    class       volVectorField;
    location    "0.00029";
    object      U;
}
// * * * * * * * * * * * * * * * * * * * * * * * * * * * * * * * * * * * * * //

dimensions      [0 1 -1 0 0 0 0];

internalField   nonuniform List<vector> 
126
(
(2.33611 0 0)
(2.33601 0 0)
(2.3359 0 0)
(2.33581 0 0)
(2.3357 0 0)
(2.3356 0 0)
(2.3355 0 0)
(2.3354 0 0)
(2.3353 0 0)
(2.33519 0 0)
(2.33509 0 0)
(2.33499 0 0)
(2.33489 0 0)
(2.33479 0 0)
(2.33469 0 0)
(2.33459 0 0)
(2.33448 0 0)
(2.33438 0 0)
(2.33428 0 0)
(2.33418 0 0)
(2.33408 0 0)
(2.33398 0 0)
(2.33388 0 0)
(2.33378 0 0)
(2.33367 0 0)
(2.33357 0 0)
(2.33347 0 0)
(2.33337 0 0)
(2.33327 0 0)
(2.33317 0 0)
(2.33307 0 0)
(2.33297 0 0)
(2.33287 0 0)
(2.33277 0 0)
(2.33266 0 0)
(2.33256 0 0)
(2.33246 0 0)
(2.33236 0 0)
(2.33226 0 0)
(2.33216 0 0)
(2.33206 0 0)
(2.33196 0 0)
(2.33186 0 0)
(2.33176 0 0)
(2.33166 0 0)
(2.33156 0 0)
(2.33146 0 0)
(2.33136 0 0)
(2.33126 0 0)
(2.33116 0 0)
(2.33106 0 0)
(2.33096 0 0)
(2.33086 0 0)
(2.33076 0 0)
(2.33065 0 0)
(2.33055 0 0)
(2.33046 0 0)
(2.33036 0 0)
(2.33026 0 0)
(2.33016 0 0)
(2.33006 0 0)
(2.32996 0 0)
(2.32986 0 0)
(2.32976 0 0)
(2.32966 0 0)
(2.32956 0 0)
(2.32946 0 0)
(2.32936 0 0)
(2.32926 0 0)
(2.32916 0 0)
(2.32906 0 0)
(2.32896 0 0)
(2.32886 0 0)
(2.32876 0 0)
(2.32867 0 0)
(2.32857 0 0)
(2.32847 0 0)
(2.32837 0 0)
(2.32827 0 0)
(2.32817 0 0)
(2.32807 0 0)
(2.32797 0 0)
(2.32788 0 0)
(2.32778 0 0)
(2.32768 0 0)
(2.32758 0 0)
(2.32748 0 0)
(2.32739 0 0)
(2.32729 0 0)
(2.32719 0 0)
(2.32709 0 0)
(2.327 0 0)
(2.3269 0 0)
(2.3268 0 0)
(2.3267 0 0)
(2.32661 0 0)
(2.32651 0 0)
(2.32641 0 0)
(2.32631 0 0)
(2.32622 0 0)
(2.32612 0 0)
(2.32602 0 0)
(2.32593 0 0)
(2.32583 0 0)
(2.32574 0 0)
(2.32564 0 0)
(2.32554 0 0)
(2.32545 0 0)
(2.32535 0 0)
(2.32526 0 0)
(2.32516 0 0)
(2.32506 0 0)
(2.32497 0 0)
(2.32487 0 0)
(2.32478 0 0)
(2.32468 0 0)
(2.32459 0 0)
(2.32449 0 0)
(2.3244 0 0)
(2.3243 0 0)
(2.32421 0 0)
(2.32412 0 0)
(2.32402 0 0)
(2.32393 0 0)
(2.32383 0 0)
(2.32374 0 0)
)
;

boundaryField
{
    boundary
    {
        type            empty;
    }
    inlet
    {
        type            fixedValue;
        value           nonuniform 0();
    }
    outlet
    {
        type            zeroGradient;
    }
    procBoundary3to1
    {
        type            processor;
        value           uniform (2.32365 0 0);
    }
    procBoundary3to2
    {
        type            processor;
        value           uniform (2.33621 0 0);
    }
}


// ************************************************************************* //
