/*--------------------------------*- C++ -*----------------------------------*\
  =========                 |
  \\      /  F ield         | OpenFOAM: The Open Source CFD Toolbox
   \\    /   O peration     | Website:  https://openfoam.org
    \\  /    A nd           | Version:  7
     \\/     M anipulation  |
\*---------------------------------------------------------------------------*/
FoamFile
{
    version     2.0;
    format      ascii;
    class       volVectorField;
    location    "0.00011";
    object      U;
}
// * * * * * * * * * * * * * * * * * * * * * * * * * * * * * * * * * * * * * //

dimensions      [0 1 -1 0 0 0 0];

internalField   nonuniform List<vector> 
124
(
(14.5746 0 0)
(14.5752 0 0)
(14.5759 0 0)
(14.5766 0 0)
(14.5771 0 0)
(14.5774 0 0)
(14.5777 0 0)
(14.5779 0 0)
(14.5779 0 0)
(14.5779 0 0)
(14.578 0 0)
(14.5777 0 0)
(14.5776 0 0)
(14.5773 0 0)
(14.577 0 0)
(14.5766 0 0)
(14.5761 0 0)
(14.5756 0 0)
(14.5751 0 0)
(14.5745 0 0)
(14.5739 0 0)
(14.5733 0 0)
(14.5726 0 0)
(14.5719 0 0)
(14.5712 0 0)
(14.5705 0 0)
(14.5697 0 0)
(14.5689 0 0)
(14.5681 0 0)
(14.5673 0 0)
(14.5664 0 0)
(14.5656 0 0)
(14.5647 0 0)
(14.5639 0 0)
(14.563 0 0)
(14.5621 0 0)
(14.5612 0 0)
(14.5603 0 0)
(14.5594 0 0)
(14.5584 0 0)
(14.5575 0 0)
(14.5565 0 0)
(14.5556 0 0)
(14.5546 0 0)
(14.5537 0 0)
(14.5527 0 0)
(14.5517 0 0)
(14.5507 0 0)
(14.5497 0 0)
(14.5487 0 0)
(14.5477 0 0)
(14.5467 0 0)
(14.5457 0 0)
(14.5446 0 0)
(14.5436 0 0)
(14.5425 0 0)
(14.5415 0 0)
(14.5404 0 0)
(14.5394 0 0)
(14.5383 0 0)
(14.5372 0 0)
(14.5361 0 0)
(14.535 0 0)
(14.5339 0 0)
(14.5328 0 0)
(14.5317 0 0)
(14.5306 0 0)
(14.5295 0 0)
(14.5283 0 0)
(14.5272 0 0)
(14.5261 0 0)
(14.5249 0 0)
(14.5238 0 0)
(14.5226 0 0)
(14.5214 0 0)
(14.5202 0 0)
(14.5191 0 0)
(14.5179 0 0)
(14.5167 0 0)
(14.5155 0 0)
(14.5143 0 0)
(14.5131 0 0)
(14.5118 0 0)
(14.5106 0 0)
(14.5094 0 0)
(14.5082 0 0)
(14.5069 0 0)
(14.5057 0 0)
(14.5044 0 0)
(14.5032 0 0)
(14.5019 0 0)
(14.5006 0 0)
(14.4994 0 0)
(14.4981 0 0)
(14.4968 0 0)
(14.4955 0 0)
(14.4942 0 0)
(14.4929 0 0)
(14.4916 0 0)
(14.4903 0 0)
(14.489 0 0)
(14.4877 0 0)
(14.4863 0 0)
(14.485 0 0)
(14.4837 0 0)
(14.4823 0 0)
(14.481 0 0)
(14.4796 0 0)
(14.4783 0 0)
(14.4769 0 0)
(14.4756 0 0)
(14.4742 0 0)
(14.4728 0 0)
(14.4714 0 0)
(14.4701 0 0)
(14.4687 0 0)
(14.4673 0 0)
(14.4659 0 0)
(14.4645 0 0)
(14.4631 0 0)
(14.4617 0 0)
(14.4603 0 0)
(14.4588 0 0)
(14.4569 0 0)
)
;

boundaryField
{
    boundary
    {
        type            empty;
    }
    inlet
    {
        type            fixedValue;
        value           nonuniform 0();
    }
    outlet
    {
        type            zeroGradient;
    }
    procBoundary0to1
    {
        type            processor;
        value           uniform (14.5732 0 0);
    }
}


// ************************************************************************* //
