/*--------------------------------*- C++ -*----------------------------------*\
  =========                 |
  \\      /  F ield         | OpenFOAM: The Open Source CFD Toolbox
   \\    /   O peration     | Website:  https://openfoam.org
    \\  /    A nd           | Version:  7
     \\/     M anipulation  |
\*---------------------------------------------------------------------------*/
FoamFile
{
    version     2.0;
    format      ascii;
    class       volVectorField;
    location    "0.00045";
    object      U;
}
// * * * * * * * * * * * * * * * * * * * * * * * * * * * * * * * * * * * * * //

dimensions      [0 1 -1 0 0 0 0];

internalField   nonuniform List<vector> 
125
(
(2.32743 0 0)
(2.32734 0 0)
(2.32725 0 0)
(2.32716 0 0)
(2.32706 0 0)
(2.32697 0 0)
(2.32688 0 0)
(2.32678 0 0)
(2.32669 0 0)
(2.3266 0 0)
(2.3265 0 0)
(2.32641 0 0)
(2.32632 0 0)
(2.32622 0 0)
(2.32613 0 0)
(2.32603 0 0)
(2.32594 0 0)
(2.32585 0 0)
(2.32583 0 0)
(2.32595 0 0)
(2.32662 0 0)
(2.32903 0 0)
(2.33653 0 0)
(2.3576 0 0)
(2.41121 0 0)
(2.53861 0 0)
(2.82556 0 0)
(3.42578 0 0)
(4.42867 0 0)
(5.64837 0 0)
(6.86159 0 0)
(7.95813 0 0)
(8.9112 0 0)
(9.71782 0 0)
(10.3932 0 0)
(10.9546 0 0)
(11.4062 0 0)
(11.762 0 0)
(12.0516 0 0)
(12.2979 0 0)
(12.5124 0 0)
(12.7013 0 0)
(12.8692 0 0)
(13.0198 0 0)
(13.1561 0 0)
(13.2804 0 0)
(13.3944 0 0)
(13.4995 0 0)
(13.5969 0 0)
(13.6874 0 0)
(13.7719 0 0)
(13.851 0 0)
(13.9253 0 0)
(13.9952 0 0)
(14.0611 0 0)
(14.1235 0 0)
(14.1826 0 0)
(14.2387 0 0)
(14.292 0 0)
(14.3427 0 0)
(14.391 0 0)
(14.4358 0 0)
(14.4777 0 0)
(14.5183 0 0)
(14.5574 0 0)
(14.5952 0 0)
(14.6317 0 0)
(14.667 0 0)
(14.7012 0 0)
(14.7343 0 0)
(14.7664 0 0)
(14.7975 0 0)
(14.8276 0 0)
(14.8569 0 0)
(14.8854 0 0)
(14.9131 0 0)
(14.94 0 0)
(14.9662 0 0)
(14.9917 0 0)
(15.0166 0 0)
(15.0408 0 0)
(15.0644 0 0)
(15.0874 0 0)
(15.1099 0 0)
(15.1318 0 0)
(15.1533 0 0)
(15.1742 0 0)
(15.1947 0 0)
(15.2147 0 0)
(15.2343 0 0)
(15.2534 0 0)
(15.2721 0 0)
(15.2905 0 0)
(15.3085 0 0)
(15.3261 0 0)
(15.3433 0 0)
(15.3603 0 0)
(15.3768 0 0)
(15.3931 0 0)
(15.4091 0 0)
(15.4247 0 0)
(15.4401 0 0)
(15.4552 0 0)
(15.47 0 0)
(15.4846 0 0)
(15.4989 0 0)
(15.5129 0 0)
(15.5268 0 0)
(15.5403 0 0)
(15.5537 0 0)
(15.5668 0 0)
(15.5798 0 0)
(15.5925 0 0)
(15.605 0 0)
(15.6173 0 0)
(15.6294 0 0)
(15.6414 0 0)
(15.6532 0 0)
(15.6647 0 0)
(15.6762 0 0)
(15.6874 0 0)
(15.6985 0 0)
(15.7095 0 0)
(15.7202 0 0)
(15.7308 0 0)
)
;

boundaryField
{
    boundary
    {
        type            empty;
    }
    inlet
    {
        type            fixedValue;
        value           nonuniform 0();
    }
    outlet
    {
        type            zeroGradient;
    }
    procBoundary1to0
    {
        type            processor;
        value           uniform (15.7413 0 0);
    }
    procBoundary1to3
    {
        type            processor;
        value           uniform (2.32753 0 0);
    }
}


// ************************************************************************* //
