/*--------------------------------*- C++ -*----------------------------------*\
  =========                 |
  \\      /  F ield         | OpenFOAM: The Open Source CFD Toolbox
   \\    /   O peration     | Website:  https://openfoam.org
    \\  /    A nd           | Version:  7
     \\/     M anipulation  |
\*---------------------------------------------------------------------------*/
FoamFile
{
    version     2.0;
    format      ascii;
    class       volVectorField;
    location    "0.0009";
    object      U;
}
// * * * * * * * * * * * * * * * * * * * * * * * * * * * * * * * * * * * * * //

dimensions      [0 1 -1 0 0 0 0];

internalField   nonuniform List<vector> 
125
(
(2.34893 0 0)
(2.34891 0 0)
(2.34888 0 0)
(2.34886 0 0)
(2.34884 0 0)
(2.34881 0 0)
(2.34879 0 0)
(2.34877 0 0)
(2.34874 0 0)
(2.34872 0 0)
(2.34869 0 0)
(2.34867 0 0)
(2.34864 0 0)
(2.34862 0 0)
(2.34859 0 0)
(2.34857 0 0)
(2.34854 0 0)
(2.34852 0 0)
(2.34849 0 0)
(2.34847 0 0)
(2.34845 0 0)
(2.34843 0 0)
(2.3484 0 0)
(2.34838 0 0)
(2.34837 0 0)
(2.34835 0 0)
(2.34833 0 0)
(2.34831 0 0)
(2.34829 0 0)
(2.34828 0 0)
(2.34826 0 0)
(2.34824 0 0)
(2.34823 0 0)
(2.34821 0 0)
(2.34819 0 0)
(2.34818 0 0)
(2.34816 0 0)
(2.34815 0 0)
(2.34813 0 0)
(2.34812 0 0)
(2.3481 0 0)
(2.34809 0 0)
(2.34808 0 0)
(2.34807 0 0)
(2.34806 0 0)
(2.34805 0 0)
(2.34804 0 0)
(2.34804 0 0)
(2.34803 0 0)
(2.34802 0 0)
(2.34802 0 0)
(2.34801 0 0)
(2.348 0 0)
(2.34799 0 0)
(2.34798 0 0)
(2.34797 0 0)
(2.34796 0 0)
(2.34794 0 0)
(2.34792 0 0)
(2.3479 0 0)
(2.34788 0 0)
(2.34785 0 0)
(2.34782 0 0)
(2.34779 0 0)
(2.34775 0 0)
(2.34771 0 0)
(2.34767 0 0)
(2.34762 0 0)
(2.34758 0 0)
(2.34753 0 0)
(2.34748 0 0)
(2.34743 0 0)
(2.34737 0 0)
(2.34732 0 0)
(2.34727 0 0)
(2.34721 0 0)
(2.34716 0 0)
(2.3471 0 0)
(2.34705 0 0)
(2.347 0 0)
(2.34695 0 0)
(2.3469 0 0)
(2.34685 0 0)
(2.3468 0 0)
(2.34675 0 0)
(2.34671 0 0)
(2.34666 0 0)
(2.34662 0 0)
(2.34657 0 0)
(2.34653 0 0)
(2.34649 0 0)
(2.34645 0 0)
(2.34641 0 0)
(2.34637 0 0)
(2.34633 0 0)
(2.34629 0 0)
(2.34625 0 0)
(2.34621 0 0)
(2.34618 0 0)
(2.34614 0 0)
(2.3461 0 0)
(2.34606 0 0)
(2.34603 0 0)
(2.34599 0 0)
(2.34595 0 0)
(2.34592 0 0)
(2.34588 0 0)
(2.34585 0 0)
(2.34581 0 0)
(2.34577 0 0)
(2.34574 0 0)
(2.3457 0 0)
(2.34567 0 0)
(2.34563 0 0)
(2.3456 0 0)
(2.34556 0 0)
(2.34553 0 0)
(2.3455 0 0)
(2.34546 0 0)
(2.34543 0 0)
(2.34539 0 0)
(2.34536 0 0)
(2.34533 0 0)
(2.3453 0 0)
(2.34526 0 0)
)
;

boundaryField
{
    boundary
    {
        type            empty;
    }
    inlet
    {
        type            fixedValue;
        value           uniform (2.34893 0 0);
    }
    outlet
    {
        type            zeroGradient;
    }
    procBoundary2to3
    {
        type            processor;
        value           uniform (2.34523 0 0);
    }
}


// ************************************************************************* //
