/*--------------------------------*- C++ -*----------------------------------*\
  =========                 |
  \\      /  F ield         | OpenFOAM: The Open Source CFD Toolbox
   \\    /   O peration     | Website:  https://openfoam.org
    \\  /    A nd           | Version:  7
     \\/     M anipulation  |
\*---------------------------------------------------------------------------*/
FoamFile
{
    version     2.0;
    format      ascii;
    class       volVectorField;
    location    "0.00052";
    object      U;
}
// * * * * * * * * * * * * * * * * * * * * * * * * * * * * * * * * * * * * * //

dimensions      [0 1 -1 0 0 0 0];

internalField   nonuniform List<vector> 
125
(
(2.34895 0 0)
(2.34898 0 0)
(2.349 0 0)
(2.34901 0 0)
(2.34902 0 0)
(2.34904 0 0)
(2.34905 0 0)
(2.34907 0 0)
(2.34908 0 0)
(2.3491 0 0)
(2.34911 0 0)
(2.34913 0 0)
(2.34915 0 0)
(2.34917 0 0)
(2.3492 0 0)
(2.34922 0 0)
(2.34925 0 0)
(2.34928 0 0)
(2.34931 0 0)
(2.34935 0 0)
(2.34939 0 0)
(2.34943 0 0)
(2.34948 0 0)
(2.34952 0 0)
(2.34957 0 0)
(2.34962 0 0)
(2.34967 0 0)
(2.34972 0 0)
(2.34977 0 0)
(2.34982 0 0)
(2.34986 0 0)
(2.3499 0 0)
(2.34993 0 0)
(2.34995 0 0)
(2.34997 0 0)
(2.34999 0 0)
(2.34999 0 0)
(2.34999 0 0)
(2.34999 0 0)
(2.34998 0 0)
(2.34996 0 0)
(2.34994 0 0)
(2.34992 0 0)
(2.3499 0 0)
(2.34988 0 0)
(2.34986 0 0)
(2.34984 0 0)
(2.34982 0 0)
(2.3498 0 0)
(2.34979 0 0)
(2.34978 0 0)
(2.34977 0 0)
(2.34977 0 0)
(2.34977 0 0)
(2.34977 0 0)
(2.34977 0 0)
(2.34977 0 0)
(2.34978 0 0)
(2.34979 0 0)
(2.3498 0 0)
(2.34981 0 0)
(2.34982 0 0)
(2.34983 0 0)
(2.34985 0 0)
(2.34986 0 0)
(2.34987 0 0)
(2.34989 0 0)
(2.3499 0 0)
(2.34992 0 0)
(2.34993 0 0)
(2.34995 0 0)
(2.34996 0 0)
(2.34998 0 0)
(2.34999 0 0)
(2.35001 0 0)
(2.35003 0 0)
(2.35004 0 0)
(2.35006 0 0)
(2.35007 0 0)
(2.35009 0 0)
(2.3501 0 0)
(2.35012 0 0)
(2.35013 0 0)
(2.35015 0 0)
(2.35017 0 0)
(2.35018 0 0)
(2.3502 0 0)
(2.35021 0 0)
(2.35023 0 0)
(2.35025 0 0)
(2.35026 0 0)
(2.35028 0 0)
(2.35029 0 0)
(2.35031 0 0)
(2.35033 0 0)
(2.35034 0 0)
(2.35036 0 0)
(2.35037 0 0)
(2.35039 0 0)
(2.35041 0 0)
(2.35042 0 0)
(2.35044 0 0)
(2.35045 0 0)
(2.35047 0 0)
(2.35049 0 0)
(2.3505 0 0)
(2.35052 0 0)
(2.35054 0 0)
(2.35055 0 0)
(2.35057 0 0)
(2.35059 0 0)
(2.3506 0 0)
(2.35062 0 0)
(2.35064 0 0)
(2.35065 0 0)
(2.35067 0 0)
(2.35069 0 0)
(2.3507 0 0)
(2.35072 0 0)
(2.35074 0 0)
(2.35075 0 0)
(2.35077 0 0)
(2.35079 0 0)
(2.3508 0 0)
(2.35082 0 0)
)
;

boundaryField
{
    boundary
    {
        type            empty;
    }
    inlet
    {
        type            fixedValue;
        value           uniform (2.34893 0 0);
    }
    outlet
    {
        type            zeroGradient;
    }
    procBoundary2to3
    {
        type            processor;
        value           uniform (2.35083 0 0);
    }
}


// ************************************************************************* //
