/*--------------------------------*- C++ -*----------------------------------*\
  =========                 |
  \\      /  F ield         | OpenFOAM: The Open Source CFD Toolbox
   \\    /   O peration     | Website:  https://openfoam.org
    \\  /    A nd           | Version:  7
     \\/     M anipulation  |
\*---------------------------------------------------------------------------*/
FoamFile
{
    version     2.0;
    format      ascii;
    class       volVectorField;
    location    "0.00051";
    object      U;
}
// * * * * * * * * * * * * * * * * * * * * * * * * * * * * * * * * * * * * * //

dimensions      [0 1 -1 0 0 0 0];

internalField   nonuniform List<vector> 
125
(
(2.34329 0 0)
(2.34328 0 0)
(2.34327 0 0)
(2.34326 0 0)
(2.34324 0 0)
(2.34323 0 0)
(2.34322 0 0)
(2.34321 0 0)
(2.34319 0 0)
(2.34318 0 0)
(2.34317 0 0)
(2.34316 0 0)
(2.34314 0 0)
(2.34313 0 0)
(2.34312 0 0)
(2.34311 0 0)
(2.34309 0 0)
(2.3431 0 0)
(2.34318 0 0)
(2.34349 0 0)
(2.34457 0 0)
(2.34804 0 0)
(2.35832 0 0)
(2.38622 0 0)
(2.45544 0 0)
(2.61768 0 0)
(2.97268 0 0)
(3.69417 0 0)
(4.78415 0 0)
(6.02301 0 0)
(7.21108 0 0)
(8.27066 0 0)
(9.18496 0 0)
(9.95118 0 0)
(10.5875 0 0)
(11.116 0 0)
(11.5425 0 0)
(11.8802 0 0)
(12.1566 0 0)
(12.393 0 0)
(12.5998 0 0)
(12.7825 0 0)
(12.9454 0 0)
(13.0919 0 0)
(13.2248 0 0)
(13.3461 0 0)
(13.4576 0 0)
(13.5605 0 0)
(13.6559 0 0)
(13.7448 0 0)
(13.8277 0 0)
(13.9054 0 0)
(13.9784 0 0)
(14.0472 0 0)
(14.1122 0 0)
(14.1736 0 0)
(14.2319 0 0)
(14.2872 0 0)
(14.3398 0 0)
(14.3898 0 0)
(14.4375 0 0)
(14.4817 0 0)
(14.5232 0 0)
(14.5633 0 0)
(14.602 0 0)
(14.6394 0 0)
(14.6755 0 0)
(14.7105 0 0)
(14.7443 0 0)
(14.7771 0 0)
(14.8089 0 0)
(14.8397 0 0)
(14.8696 0 0)
(14.8987 0 0)
(14.927 0 0)
(14.9544 0 0)
(14.9812 0 0)
(15.0072 0 0)
(15.0326 0 0)
(15.0573 0 0)
(15.0814 0 0)
(15.1049 0 0)
(15.1278 0 0)
(15.1502 0 0)
(15.172 0 0)
(15.1934 0 0)
(15.2143 0 0)
(15.2347 0 0)
(15.2546 0 0)
(15.2742 0 0)
(15.2933 0 0)
(15.312 0 0)
(15.3303 0 0)
(15.3483 0 0)
(15.3659 0 0)
(15.3831 0 0)
(15.4 0 0)
(15.4166 0 0)
(15.4329 0 0)
(15.4488 0 0)
(15.4645 0 0)
(15.4799 0 0)
(15.495 0 0)
(15.5098 0 0)
(15.5244 0 0)
(15.5387 0 0)
(15.5528 0 0)
(15.5666 0 0)
(15.5802 0 0)
(15.5936 0 0)
(15.6067 0 0)
(15.6197 0 0)
(15.6324 0 0)
(15.6449 0 0)
(15.6573 0 0)
(15.6694 0 0)
(15.6814 0 0)
(15.6932 0 0)
(15.7048 0 0)
(15.7162 0 0)
(15.7275 0 0)
(15.7386 0 0)
(15.7495 0 0)
(15.7603 0 0)
(15.7709 0 0)
)
;

boundaryField
{
    boundary
    {
        type            empty;
    }
    inlet
    {
        type            fixedValue;
        value           nonuniform 0();
    }
    outlet
    {
        type            zeroGradient;
    }
    procBoundary1to0
    {
        type            processor;
        value           uniform (15.7813 0 0);
    }
    procBoundary1to3
    {
        type            processor;
        value           uniform (2.3433 0 0);
    }
}


// ************************************************************************* //
