/*--------------------------------*- C++ -*----------------------------------*\
  =========                 |
  \\      /  F ield         | OpenFOAM: The Open Source CFD Toolbox
   \\    /   O peration     | Website:  https://openfoam.org
    \\  /    A nd           | Version:  7
     \\/     M anipulation  |
\*---------------------------------------------------------------------------*/
FoamFile
{
    version     2.0;
    format      ascii;
    class       volVectorField;
    location    "0.0006";
    object      U;
}
// * * * * * * * * * * * * * * * * * * * * * * * * * * * * * * * * * * * * * //

dimensions      [0 1 -1 0 0 0 0];

internalField   nonuniform List<vector> 
125
(
(2.34898 0 0)
(2.34919 0 0)
(2.34944 0 0)
(2.34966 0 0)
(2.34987 0 0)
(2.35008 0 0)
(2.35029 0 0)
(2.3505 0 0)
(2.35071 0 0)
(2.35091 0 0)
(2.35112 0 0)
(2.35132 0 0)
(2.35152 0 0)
(2.35172 0 0)
(2.35192 0 0)
(2.35213 0 0)
(2.35233 0 0)
(2.35253 0 0)
(2.35274 0 0)
(2.35295 0 0)
(2.35316 0 0)
(2.35337 0 0)
(2.35358 0 0)
(2.3538 0 0)
(2.35402 0 0)
(2.35424 0 0)
(2.35446 0 0)
(2.35469 0 0)
(2.35491 0 0)
(2.35514 0 0)
(2.35537 0 0)
(2.3556 0 0)
(2.35583 0 0)
(2.35606 0 0)
(2.35628 0 0)
(2.35651 0 0)
(2.35673 0 0)
(2.35694 0 0)
(2.35715 0 0)
(2.35736 0 0)
(2.35756 0 0)
(2.35776 0 0)
(2.35795 0 0)
(2.35813 0 0)
(2.35831 0 0)
(2.35849 0 0)
(2.35866 0 0)
(2.35883 0 0)
(2.359 0 0)
(2.35917 0 0)
(2.35934 0 0)
(2.3595 0 0)
(2.35967 0 0)
(2.35984 0 0)
(2.36001 0 0)
(2.36018 0 0)
(2.36035 0 0)
(2.36053 0 0)
(2.36071 0 0)
(2.36089 0 0)
(2.36107 0 0)
(2.36126 0 0)
(2.36144 0 0)
(2.36163 0 0)
(2.36182 0 0)
(2.36201 0 0)
(2.36221 0 0)
(2.3624 0 0)
(2.36259 0 0)
(2.36279 0 0)
(2.36298 0 0)
(2.36318 0 0)
(2.36338 0 0)
(2.36357 0 0)
(2.36377 0 0)
(2.36397 0 0)
(2.36416 0 0)
(2.36436 0 0)
(2.36456 0 0)
(2.36475 0 0)
(2.36495 0 0)
(2.36515 0 0)
(2.36535 0 0)
(2.36554 0 0)
(2.36574 0 0)
(2.36594 0 0)
(2.36613 0 0)
(2.36633 0 0)
(2.36653 0 0)
(2.36672 0 0)
(2.36692 0 0)
(2.36712 0 0)
(2.36731 0 0)
(2.36751 0 0)
(2.36771 0 0)
(2.36791 0 0)
(2.3681 0 0)
(2.3683 0 0)
(2.36849 0 0)
(2.36869 0 0)
(2.36889 0 0)
(2.36908 0 0)
(2.36928 0 0)
(2.36948 0 0)
(2.36967 0 0)
(2.36987 0 0)
(2.37007 0 0)
(2.37026 0 0)
(2.37046 0 0)
(2.37065 0 0)
(2.37085 0 0)
(2.37105 0 0)
(2.37124 0 0)
(2.37144 0 0)
(2.37163 0 0)
(2.37183 0 0)
(2.37203 0 0)
(2.37222 0 0)
(2.37242 0 0)
(2.37261 0 0)
(2.37281 0 0)
(2.37301 0 0)
(2.3732 0 0)
(2.3734 0 0)
(2.37361 0 0)
)
;

boundaryField
{
    boundary
    {
        type            empty;
    }
    inlet
    {
        type            fixedValue;
        value           uniform (2.34893 0 0);
    }
    outlet
    {
        type            zeroGradient;
    }
    procBoundary2to3
    {
        type            processor;
        value           uniform (2.37382 0 0);
    }
}


// ************************************************************************* //
