/*--------------------------------*- C++ -*----------------------------------*\
  =========                 |
  \\      /  F ield         | OpenFOAM: The Open Source CFD Toolbox
   \\    /   O peration     | Website:  https://openfoam.org
    \\  /    A nd           | Version:  7
     \\/     M anipulation  |
\*---------------------------------------------------------------------------*/
FoamFile
{
    version     2.0;
    format      ascii;
    class       volScalarField;
    location    "0.00035";
    object      p;
}
// * * * * * * * * * * * * * * * * * * * * * * * * * * * * * * * * * * * * * //

dimensions      [1 -1 -2 0 0 0 0];

internalField   nonuniform List<scalar> 
500
(
103160
103160
103160
103160
103160
103160
103160
103160
103160
103160
103160
103160
103160
103160
103160
103160
103160
103160
103160
103160
103160
103160
103160
103160
103160
103160
103160
103160
103160
103160
103160
103160
103160
103160
103160
103160
103160
103160
103160
103160
103160
103160
103160
103160
103160
103160
103160
103160
103160
103160
103160
103160
103160
103160
103160
103160
103160
103160
103160
103160
103160
103160
103160
103160
103160
103160
103160
103160
103160
103160
103160
103160
103160
103160
103160
103160
103160
103160
103160
103160
103160
103160
103160
103160
103160
103160
103160
103160
103160
103160
103160
103160
103160
103160
103160
103160
103160
103160
103160
103160
103160
103160
103160
103160
103160
103160
103160
103160
103160
103160
103160
103160
103160
103160
103160
103160
103160
103160
103160
103160
103160
103160
103160
103160
103160
103160
103160
103160
103160
103160
103160
103160
103160
103160
103160
103160
103160
103160
103160
103160
103160
103160
103160
103160
103160
103160
103160
103160
103160
103160
103160
103160
103160
103160
103160
103160
103160
103160
103160
103160
103160
103160
103160
103160
103160
103160
103160
103160
103160
103160
103160
103160
103160
103160
103160
103160
103160
103160
103160
103160
103160
103160
103160
103160
103160
103160
103160
103160
103160
103160
103160
103160
103160
103160
103160
103160
103160
103160
103160
103160
103160
103160
103160
103160
103160
103160
103160
103160
103160
103160
103160
103160
103160
103160
103160
103160
103160
103160
103160
103160
103160
103160
103160
103160
103160
103160
103160
103160
103160
103160
103160
103160
103160
103160
103160
103160
103160
103160
103160
103160
103160
103160
103160
103160
103160
103160
103160
103160
103160
103160
103160
103160
103160
103160
103160
103160
103160
103160
103160
103160
103160
103160
103160
103160
103160
103160
103160
103160
103160
103160
103160
103160
103160
103160
103160
103160
103159
103159
103159
103157
103155
103153
103150
103148
103146
103144
103143
103142
103141
103140
103139
103139
103138
103138
103137
103137
103137
103136
103136
103136
103136
103135
103135
103135
103135
103135
103135
103134
103134
103134
103134
103134
103134
103134
103134
103134
103134
103133
103133
103133
103133
103133
103133
103133
103133
103133
103133
103133
103133
103133
103133
103132
103132
103132
103132
103132
103132
103132
103132
103132
103132
103132
103132
103132
103132
103132
103132
103132
103132
103132
103132
103132
103132
103132
103132
103131
103131
103131
103131
103131
103131
103131
103131
103131
103131
103131
103131
103131
103131
103131
103131
103131
103131
103131
103131
103131
103131
103131
103131
103131
103131
103131
103131
103131
103131
103131
103131
103131
103131
103131
103131
103131
103131
103131
103131
103130
103130
103130
103130
103130
103130
103130
103130
103130
103130
103130
103130
103130
103130
103130
103130
103130
103130
103130
103130
103130
103130
103130
103130
103130
103130
103130
103130
103130
103130
103130
103130
103130
103130
103130
103130
103130
103130
103130
103130
103130
103130
103130
103130
103130
103130
103130
103130
103130
103130
103130
103130
103130
103130
103130
103130
103130
103130
103130
103130
103130
103130
103130
103130
103130
103129
103129
103129
103129
103129
103129
103129
103129
103129
103129
103129
103129
103129
103129
103129
103129
103129
103129
103129
103129
103129
103129
103129
103129
103129
103129
103129
103129
103129
103129
103129
103129
103129
103129
103129
103129
103129
103129
103129
103129
)
;

boundaryField
{
    boundary
    {
        type            empty;
    }
    inlet
    {
        type            zeroGradient;
    }
    outlet
    {
        type            waveTransmissive;
        gamma           1.4;
        value           uniform 103129;
    }
}


// ************************************************************************* //
