/*--------------------------------*- C++ -*----------------------------------*\
  =========                 |
  \\      /  F ield         | OpenFOAM: The Open Source CFD Toolbox
   \\    /   O peration     | Website:  https://openfoam.org
    \\  /    A nd           | Version:  7
     \\/     M anipulation  |
\*---------------------------------------------------------------------------*/
FoamFile
{
    version     2.0;
    format      ascii;
    class       volVectorField;
    location    "0.00071";
    object      U;
}
// * * * * * * * * * * * * * * * * * * * * * * * * * * * * * * * * * * * * * //

dimensions      [0 1 -1 0 0 0 0];

internalField   nonuniform List<vector> 
126
(
(2.35087 0 0)
(2.35088 0 0)
(2.35089 0 0)
(2.35091 0 0)
(2.35092 0 0)
(2.35094 0 0)
(2.35095 0 0)
(2.35097 0 0)
(2.35098 0 0)
(2.35099 0 0)
(2.35101 0 0)
(2.35102 0 0)
(2.35104 0 0)
(2.35105 0 0)
(2.35107 0 0)
(2.35108 0 0)
(2.3511 0 0)
(2.35111 0 0)
(2.35113 0 0)
(2.35114 0 0)
(2.35115 0 0)
(2.35117 0 0)
(2.35118 0 0)
(2.3512 0 0)
(2.35121 0 0)
(2.35123 0 0)
(2.35124 0 0)
(2.35126 0 0)
(2.35127 0 0)
(2.35128 0 0)
(2.3513 0 0)
(2.35131 0 0)
(2.35133 0 0)
(2.35134 0 0)
(2.35135 0 0)
(2.35137 0 0)
(2.35138 0 0)
(2.3514 0 0)
(2.35141 0 0)
(2.35143 0 0)
(2.35144 0 0)
(2.35145 0 0)
(2.35147 0 0)
(2.35148 0 0)
(2.3515 0 0)
(2.35151 0 0)
(2.35152 0 0)
(2.35154 0 0)
(2.35155 0 0)
(2.35156 0 0)
(2.35158 0 0)
(2.35159 0 0)
(2.35161 0 0)
(2.35162 0 0)
(2.35163 0 0)
(2.35165 0 0)
(2.35166 0 0)
(2.35167 0 0)
(2.35169 0 0)
(2.3517 0 0)
(2.35171 0 0)
(2.35173 0 0)
(2.35174 0 0)
(2.35175 0 0)
(2.35177 0 0)
(2.35178 0 0)
(2.35179 0 0)
(2.35181 0 0)
(2.35182 0 0)
(2.35183 0 0)
(2.35185 0 0)
(2.35186 0 0)
(2.35187 0 0)
(2.35189 0 0)
(2.3519 0 0)
(2.35191 0 0)
(2.35193 0 0)
(2.35194 0 0)
(2.35195 0 0)
(2.35197 0 0)
(2.35198 0 0)
(2.35199 0 0)
(2.352 0 0)
(2.35202 0 0)
(2.35203 0 0)
(2.35204 0 0)
(2.35205 0 0)
(2.35207 0 0)
(2.35208 0 0)
(2.35209 0 0)
(2.3521 0 0)
(2.35212 0 0)
(2.35213 0 0)
(2.35214 0 0)
(2.35215 0 0)
(2.35217 0 0)
(2.35218 0 0)
(2.35219 0 0)
(2.3522 0 0)
(2.35222 0 0)
(2.35223 0 0)
(2.35224 0 0)
(2.35225 0 0)
(2.35227 0 0)
(2.35228 0 0)
(2.35229 0 0)
(2.3523 0 0)
(2.35231 0 0)
(2.35233 0 0)
(2.35234 0 0)
(2.35235 0 0)
(2.35236 0 0)
(2.35237 0 0)
(2.35238 0 0)
(2.3524 0 0)
(2.35241 0 0)
(2.35242 0 0)
(2.35243 0 0)
(2.35244 0 0)
(2.35246 0 0)
(2.35247 0 0)
(2.35248 0 0)
(2.35249 0 0)
(2.3525 0 0)
(2.35251 0 0)
(2.35253 0 0)
)
;

boundaryField
{
    boundary
    {
        type            empty;
    }
    inlet
    {
        type            fixedValue;
        value           nonuniform 0();
    }
    outlet
    {
        type            zeroGradient;
    }
    procBoundary3to1
    {
        type            processor;
        value           uniform (2.35254 0 0);
    }
    procBoundary3to2
    {
        type            processor;
        value           uniform (2.35085 0 0);
    }
}


// ************************************************************************* //
