/*--------------------------------*- C++ -*----------------------------------*\
  =========                 |
  \\      /  F ield         | OpenFOAM: The Open Source CFD Toolbox
   \\    /   O peration     | Website:  https://openfoam.org
    \\  /    A nd           | Version:  7
     \\/     M anipulation  |
\*---------------------------------------------------------------------------*/
FoamFile
{
    version     2.0;
    format      ascii;
    class       volVectorField;
    location    "0.00067";
    object      U;
}
// * * * * * * * * * * * * * * * * * * * * * * * * * * * * * * * * * * * * * //

dimensions      [0 1 -1 0 0 0 0];

internalField   nonuniform List<vector> 
124
(
(15.8307 0 0)
(15.8411 0 0)
(15.8513 0 0)
(15.8614 0 0)
(15.8713 0 0)
(15.8811 0 0)
(15.8908 0 0)
(15.9004 0 0)
(15.9098 0 0)
(15.9191 0 0)
(15.9283 0 0)
(15.9374 0 0)
(15.9464 0 0)
(15.9552 0 0)
(15.964 0 0)
(15.9726 0 0)
(15.9812 0 0)
(15.9896 0 0)
(15.9979 0 0)
(16.0062 0 0)
(16.0143 0 0)
(16.0224 0 0)
(16.0303 0 0)
(16.0382 0 0)
(16.046 0 0)
(16.0537 0 0)
(16.0613 0 0)
(16.0688 0 0)
(16.0762 0 0)
(16.0836 0 0)
(16.0908 0 0)
(16.098 0 0)
(16.1052 0 0)
(16.1122 0 0)
(16.1192 0 0)
(16.1261 0 0)
(16.1329 0 0)
(16.1397 0 0)
(16.1463 0 0)
(16.153 0 0)
(16.1595 0 0)
(16.166 0 0)
(16.1724 0 0)
(16.1788 0 0)
(16.1851 0 0)
(16.1913 0 0)
(16.1975 0 0)
(16.2036 0 0)
(16.2097 0 0)
(16.2157 0 0)
(16.2216 0 0)
(16.2275 0 0)
(16.2334 0 0)
(16.2391 0 0)
(16.2449 0 0)
(16.2505 0 0)
(16.2562 0 0)
(16.2617 0 0)
(16.2673 0 0)
(16.2727 0 0)
(16.2782 0 0)
(16.2835 0 0)
(16.2889 0 0)
(16.2942 0 0)
(16.2994 0 0)
(16.3046 0 0)
(16.3097 0 0)
(16.3148 0 0)
(16.3199 0 0)
(16.3249 0 0)
(16.3299 0 0)
(16.3348 0 0)
(16.3397 0 0)
(16.3445 0 0)
(16.3493 0 0)
(16.3541 0 0)
(16.3588 0 0)
(16.3635 0 0)
(16.3681 0 0)
(16.3727 0 0)
(16.3773 0 0)
(16.3818 0 0)
(16.3864 0 0)
(16.3908 0 0)
(16.395 0 0)
(16.3994 0 0)
(16.4038 0 0)
(16.4083 0 0)
(16.4125 0 0)
(16.4167 0 0)
(16.4209 0 0)
(16.425 0 0)
(16.4292 0 0)
(16.4332 0 0)
(16.4373 0 0)
(16.4413 0 0)
(16.4453 0 0)
(16.4493 0 0)
(16.4532 0 0)
(16.4571 0 0)
(16.461 0 0)
(16.4649 0 0)
(16.4687 0 0)
(16.4725 0 0)
(16.4763 0 0)
(16.4801 0 0)
(16.4839 0 0)
(16.4876 0 0)
(16.4914 0 0)
(16.4951 0 0)
(16.4988 0 0)
(16.5025 0 0)
(16.5062 0 0)
(16.5099 0 0)
(16.5136 0 0)
(16.5173 0 0)
(16.521 0 0)
(16.5246 0 0)
(16.5282 0 0)
(16.5317 0 0)
(16.535 0 0)
(16.5379 0 0)
(16.5398 0 0)
(16.5396 0 0)
)
;

boundaryField
{
    boundary
    {
        type            empty;
    }
    inlet
    {
        type            fixedValue;
        value           nonuniform 0();
    }
    outlet
    {
        type            zeroGradient;
    }
    procBoundary0to1
    {
        type            processor;
        value           uniform (15.8202 0 0);
    }
}


// ************************************************************************* //
