/*--------------------------------*- C++ -*----------------------------------*\
  =========                 |
  \\      /  F ield         | OpenFOAM: The Open Source CFD Toolbox
   \\    /   O peration     | Website:  https://openfoam.org
    \\  /    A nd           | Version:  7
     \\/     M anipulation  |
\*---------------------------------------------------------------------------*/
FoamFile
{
    version     2.0;
    format      ascii;
    class       volVectorField;
    location    "0.00093";
    object      U;
}
// * * * * * * * * * * * * * * * * * * * * * * * * * * * * * * * * * * * * * //

dimensions      [0 1 -1 0 0 0 0];

internalField   nonuniform List<vector> 
126
(
(2.34922 0 0)
(2.34921 0 0)
(2.34921 0 0)
(2.3492 0 0)
(2.3492 0 0)
(2.34919 0 0)
(2.34919 0 0)
(2.34918 0 0)
(2.34918 0 0)
(2.34917 0 0)
(2.34916 0 0)
(2.34916 0 0)
(2.34915 0 0)
(2.34914 0 0)
(2.34914 0 0)
(2.34913 0 0)
(2.34912 0 0)
(2.34912 0 0)
(2.34911 0 0)
(2.3491 0 0)
(2.34909 0 0)
(2.34909 0 0)
(2.34908 0 0)
(2.34907 0 0)
(2.34906 0 0)
(2.34905 0 0)
(2.34905 0 0)
(2.34904 0 0)
(2.34903 0 0)
(2.34902 0 0)
(2.34901 0 0)
(2.349 0 0)
(2.34899 0 0)
(2.34899 0 0)
(2.34898 0 0)
(2.34897 0 0)
(2.34896 0 0)
(2.34895 0 0)
(2.34894 0 0)
(2.34893 0 0)
(2.34892 0 0)
(2.34891 0 0)
(2.3489 0 0)
(2.34889 0 0)
(2.34888 0 0)
(2.34887 0 0)
(2.34886 0 0)
(2.34885 0 0)
(2.34884 0 0)
(2.34883 0 0)
(2.34882 0 0)
(2.34881 0 0)
(2.3488 0 0)
(2.34879 0 0)
(2.34878 0 0)
(2.34876 0 0)
(2.34875 0 0)
(2.34874 0 0)
(2.34873 0 0)
(2.34872 0 0)
(2.34871 0 0)
(2.3487 0 0)
(2.34868 0 0)
(2.34867 0 0)
(2.34866 0 0)
(2.34865 0 0)
(2.34864 0 0)
(2.34863 0 0)
(2.34861 0 0)
(2.3486 0 0)
(2.34859 0 0)
(2.34858 0 0)
(2.34856 0 0)
(2.34855 0 0)
(2.34854 0 0)
(2.34853 0 0)
(2.34851 0 0)
(2.3485 0 0)
(2.34849 0 0)
(2.34847 0 0)
(2.34846 0 0)
(2.34845 0 0)
(2.34844 0 0)
(2.34842 0 0)
(2.34841 0 0)
(2.3484 0 0)
(2.34838 0 0)
(2.34837 0 0)
(2.34836 0 0)
(2.34834 0 0)
(2.34833 0 0)
(2.34831 0 0)
(2.3483 0 0)
(2.34829 0 0)
(2.34827 0 0)
(2.34826 0 0)
(2.34824 0 0)
(2.34823 0 0)
(2.34822 0 0)
(2.3482 0 0)
(2.34819 0 0)
(2.34817 0 0)
(2.34816 0 0)
(2.34814 0 0)
(2.34813 0 0)
(2.34812 0 0)
(2.3481 0 0)
(2.34809 0 0)
(2.34807 0 0)
(2.34806 0 0)
(2.34804 0 0)
(2.34803 0 0)
(2.34801 0 0)
(2.348 0 0)
(2.34798 0 0)
(2.34797 0 0)
(2.34795 0 0)
(2.34794 0 0)
(2.34793 0 0)
(2.34791 0 0)
(2.3479 0 0)
(2.34788 0 0)
(2.34787 0 0)
(2.34785 0 0)
(2.34783 0 0)
(2.34782 0 0)
)
;

boundaryField
{
    boundary
    {
        type            empty;
    }
    inlet
    {
        type            fixedValue;
        value           nonuniform 0();
    }
    outlet
    {
        type            zeroGradient;
    }
    procBoundary3to1
    {
        type            processor;
        value           uniform (2.3478 0 0);
    }
    procBoundary3to2
    {
        type            processor;
        value           uniform (2.34922 0 0);
    }
}


// ************************************************************************* //
