/*--------------------------------*- C++ -*----------------------------------*\
  =========                 |
  \\      /  F ield         | OpenFOAM: The Open Source CFD Toolbox
   \\    /   O peration     | Website:  https://openfoam.org
    \\  /    A nd           | Version:  7
     \\/     M anipulation  |
\*---------------------------------------------------------------------------*/
FoamFile
{
    version     2.0;
    format      ascii;
    class       volScalarField;
    location    "0.00013";
    object      p;
}
// * * * * * * * * * * * * * * * * * * * * * * * * * * * * * * * * * * * * * //

dimensions      [1 -1 -2 0 0 0 0];

internalField   nonuniform List<scalar> 
500
(
103002
103002
103002
103002
103002
103002
103002
103002
103002
103002
103002
103002
103002
103002
103002
103002
103002
103002
103002
103002
103002
103002
103002
103002
103002
103002
103002
103002
103002
103002
103002
103002
103002
103002
103002
103002
103002
103002
103002
103001
103001
103001
103001
103001
103001
103001
103001
103001
103001
103001
103001
103001
103001
103001
103001
103001
103001
103001
103001
103001
103001
103001
103001
103001
103001
103001
103001
103001
103001
103001
103001
103001
103001
103001
103001
103001
103001
103001
103001
103001
103001
103001
103001
103000
103000
103000
103000
103000
103000
103000
103000
103000
103000
103000
103000
103000
103000
103000
103000
103000
103000
103000
103000
103000
102999
102999
102999
102999
102999
102999
102999
102999
102999
102999
102999
102999
102999
102999
102999
102998
102998
102998
102998
102998
102998
102998
102998
102998
102998
102998
102998
102998
102997
102997
102997
102997
102997
102997
102997
102997
102997
102997
102997
102996
102996
102996
102996
102996
102996
102996
102996
102996
102996
102995
102995
102995
102995
102995
102995
102995
102995
102995
102994
102994
102994
102994
102994
102994
102994
102994
102994
102993
102993
102993
102993
102993
102993
102993
102993
102993
102992
102992
102992
102992
102992
102992
102992
102992
102991
102991
102991
102991
102991
102991
102991
102991
102991
102990
102990
102990
102990
102990
102990
102990
102990
102989
102989
102989
102989
102989
102989
102989
102989
102988
102988
102988
102988
102988
102988
102988
102988
102988
102987
102987
102987
102987
102987
102987
102987
102987
102987
102986
102986
102986
102986
102986
102986
102986
102986
102986
102985
102985
102985
102985
102985
102985
102985
102985
102985
102985
102984
102984
102984
102984
102984
102984
102984
102984
102984
102984
102983
102983
102983
102983
102983
102983
102983
102983
102983
102983
102983
102982
102982
102982
102982
102982
102982
102982
102982
102981
102980
102978
102976
102973
102971
102969
102967
102965
102964
102963
102962
102961
102961
102960
102960
102959
102959
102958
102958
102958
102958
102957
102957
102957
102957
102957
102956
102956
102956
102956
102956
102956
102955
102955
102955
102955
102955
102955
102955
102955
102954
102954
102954
102954
102954
102954
102954
102954
102954
102954
102954
102954
102953
102953
102953
102953
102953
102953
102953
102953
102953
102953
102953
102953
102953
102952
102952
102952
102952
102952
102952
102952
102952
102952
102952
102952
102952
102952
102952
102951
102951
102951
102951
102951
102951
102951
102951
102951
102951
102951
102951
102951
102951
102951
102950
102950
102950
102950
102950
102950
102950
102950
102950
102950
102950
102950
102949
102949
102949
102949
102949
102949
102949
102949
102949
102949
102949
102949
102948
102948
102948
102948
102948
102948
102948
102948
102948
102948
102948
102948
102948
102947
102947
102947
102947
102947
102947
102947
102947
102947
102947
102947
102947
102946
102946
102946
102946
102946
102946
102946
102946
102946
102946
102946
102946
102946
102945
102945
102945
102945
102945
102945
102945
102945
102945
102945
102945
102945
102944
102944
102944
102944
102944
102944
102944
102944
102944
102944
102944
102944
102943
102943
102943
102943
102943
102943
102943
102943
102943
102943
102943
102943
102942
102942
102942
102942
102942
102942
102942
102942
102942
102942
102942
102942
102941
102941
102941
102941
102941
102941
102941
102941
102941
102941
102941
102940
102940
102940
102940
102940
)
;

boundaryField
{
    boundary
    {
        type            empty;
    }
    inlet
    {
        type            zeroGradient;
    }
    outlet
    {
        type            waveTransmissive;
        gamma           1.4;
        value           uniform 102940;
    }
}


// ************************************************************************* //
